0 32
1 22 0 0 0 0 -8.9508e-05 0.00272506 0.00250179 0.0037004 0 349.893 433.29 160.4 0 
1 22 0 0 0 0 0.00088664 0.000145328 -0.000532271 0.0010443 0 349.893 433.29 160.4 0 
1 22 0 0 0 0 0.000568201 0.000615539 9.93254e-07 0.0008377 0 349.893 433.29 160.4 0 
1 22 0 0 0 0 0.000286077 -0.00033247 -0.000271808 0.000516 0 349.893 433.29 160.4 0 
1 22 0 0 0 0 -0.000353255 -0.00155456 -0.00333939 0.0037004 0 267.842 558.434 105 0 
1 22 0 0 0 0 -0.000698641 -0.00071992 0.000290137 0.0010443 0 267.842 558.434 105 0 
1 22 0 0 0 0 -0.00018417 -6.52744e-05 0.0011706 0.0011868 0 267.842 558.434 105 0 
1 22 0 0 0 0 3.11833e-05 0.000155389 5.3584e-05 0.0001673 0 267.842 558.434 105 0 
1 22 0 0 0 0 -0.00262714 -0.0016825 0.000437119 0.0031502 0 210.636 555.454 282.775 0 
1 22 0 0 0 0 0.00138782 0.00211199 -0.00116269 0.0027818 0 210.636 555.454 282.775 0 
1 22 0 0 0 0 7.90375e-05 0.000123276 -8.09039e-05 0.0001673 0 210.636 555.454 282.775 0 
1 22 0 0 0 0 -0.00472124 3.06004e-05 0.000473236 0.004745 0 -143.311 576.688 68.7395 0 
1 22 0 0 0 0 -0.00109672 -0.000792235 5.3634e-05 0.001354 0 -143.311 576.688 68.7395 0 
1 22 0 0 0 0 -0.00222351 -0.00110653 0.00274309 0.0037004 0 -169.678 394.885 276.975 0 
1 22 0 0 0 0 0.000487113 -0.000339419 0.000859115 0.0010443 0 -169.678 394.885 276.975 0 
1 22 0 0 0 0 -0.000220658 -0.00116317 8.27704e-05 0.0011868 0 -169.678 394.885 276.975 0 
1 22 0 0 0 0 -6.038e-05 0.000113323 -0.000107245 0.0001673 0 -169.678 394.885 276.975 0 
1 22 0 0 0 0 -0.00331643 0.000108631 -0.00339183 0.004745 0 -62.8479 546.442 27.8853 0 
1 22 0 0 0 0 -0.00116399 4.04332e-05 -0.000228012 0.0011868 0 -62.8479 546.442 27.8853 0 
1 22 0 0 0 0 0.000134454 -7.48307e-05 -6.56646e-05 0.0001673 0 -62.8479 546.442 27.8853 0 
1 22 0 0 0 0 0.00222551 0.00248355 -0.00160376 0.0037004 0 -74.0756 549.588 316.219 0 
1 22 0 0 0 0 -5.11989e-05 -0.000977771 0.000363186 0.0010443 0 -74.0756 549.588 316.219 0 
1 22 0 0 0 0 -0.000375496 -0.000942483 0.00061581 0.0011868 0 -74.0756 549.588 316.219 0 
1 22 0 0 0 0 -4.20678e-05 -1.67896e-05 -0.000161052 0.0001673 0 -74.0756 549.588 316.219 0 
1 22 0 0 0 0 0.000632691 -0.000170632 0.00330109 0.0033655 0 108.203 582.112 314.366 0 
1 22 0 0 0 0 0.000729634 -0.00079223 0.00232914 0.0025661 0 108.203 582.112 314.366 0 
1 22 0 0 0 0 9.33733e-05 0.00012614 5.79606e-05 0.0001673 0 108.203 582.112 314.366 0 
1 22 0 0 0 0 -0.00358283 0.000892617 0.00418633 0.005582 0 93.757 569.858 189.755 0 
1 22 0 0 0 0 0.000137791 -2.26191e-06 -0.000497257 0.000516 0 93.757 569.858 189.755 0 
1 22 0 0 0 0 -0.00191442 -0.00382817 0.00204821 0.004745 0 234.759 416.906 26.0274 0 
1 22 0 0 0 0 -0.0010077 -0.000464687 -0.000420839 0.0011868 0 234.759 416.906 26.0274 0 
1 22 0 0 0 0 -3.89656e-05 6.49492e-05 -0.000149173 0.0001673 0 234.759 416.906 26.0274 0 
1 28
1 22 0 0 0 0 0.00351846 0.00230997 -0.00219078 0.004745 0 202.198 544.935 280.736 0 
1 22 0 0 0 0 0.000403756 -0.000877686 0.000689305 0.0011868 0 202.198 544.935 280.736 0 
1 22 0 0 0 0 3.6684e-05 -4.29175e-05 0.000157485 0.0001673 0 202.198 544.935 280.736 0 
1 22 0 0 0 0 0.00271116 0.00305345 -0.00241683 0.004745 0 48.9846 448.499 87.8625 0 
1 22 0 0 0 0 -0.00080326 -0.00016548 -0.000170676 0.0008377 0 48.9846 448.499 87.8625 0 
1 22 0 0 0 0 -0.000513359 -2.16371e-05 4.74375e-05 0.000516 0 48.9846 448.499 87.8625 0 
1 22 0 0 0 0 0.00306954 0.00209963 -0.00294695 0.004745 0 83.217 589.698 109.633 0 
1 22 0 0 0 0 0.000514679 -6.3088e-05 0.00106753 0.0011868 0 83.217 589.698 109.633 0 
1 22 0 0 0 0 2.4157e-05 -0.000141912 -8.52445e-05 0.0001673 0 83.217 589.698 109.633 0 
1 22 0 0 0 0 -0.00456327 -0.000803983 -0.00102236 0.004745 0 200.404 565.074 148.731 0 
1 22 0 0 0 0 -0.00104064 0.000416927 0.000389536 0.0011868 0 200.404 565.074 148.731 0 
1 22 0 0 0 0 -7.71909e-05 -1.79853e-05 0.000147334 0.0001673 0 200.404 565.074 148.731 0 
1 22 0 0 0 0 -0.00242805 -0.000821477 -0.00105481 0.0027718 0 277.417 504.934 306.373 0 
1 22 0 0 0 0 0.00125036 0.0024423 0.000608852 0.0028105 0 277.417 504.934 306.373 0 
1 22 0 0 0 0 0.000141149 -0.000395879 0.000299354 0.000516 0 277.417 504.934 306.373 0 
1 22 0 0 0 0 -0.000244117 0.00386214 0.00274578 0.004745 0 -115.825 552.627 408.021 0 
1 22 0 0 0 0 -0.00104449 -0.000552077 -0.000112934 0.0011868 0 -115.825 552.627 408.021 0 
1 22 0 0 0 0 9.02868e-05 0.000107466 -9.10425e-05 0.0001673 0 -115.825 552.627 408.021 0 
1 22 0 0 0 0 0.00375633 -0.00412751 -0.000111301 0.005582 0 189.926 361.027 398.975 0 
1 22 0 0 0 0 -0.000147393 -0.000315438 -0.000380828 0.000516 0 189.926 361.027 398.975 0 
1 22 0 0 0 0 0.00123539 0.00266879 -0.00163645 0.0033655 0 -349.401 587.987 2.2988 0 
1 22 0 0 0 0 0.000331314 0.00135573 0.00215339 0.0025661 0 -349.401 587.987 2.2988 0 
1 22 0 0 0 0 -1.93834e-06 1.99632e-05 -0.000166093 0.0001673 0 -349.401 587.987 2.2988 0 
1 22 0 0 0 0 0.000463805 0.00115169 0.00282894 0.0030894 0 128.369 577.644 291.74 0 
1 22 0 0 0 0 0.00227322 -0.00123444 0.00117832 0.0028425 0 128.369 577.644 291.74 0 
1 22 0 0 0 0 -0.000101841 -0.00011234 -7.06928e-05 0.0001673 0 128.369 577.644 291.74 0 
1 22 0 0 0 0 0.000836943 -0.00200282 -0.00514266 0.005582 0 326.769 586.654 389.258 0 
1 22 0 0 0 0 -0.000440057 -0.000196227 -0.000184664 0.000516 0 326.769 586.654 389.258 0 
2 31
1 22 0 0 0 0 -0.00150106 0.00119985 0.00433846 0.004745 0 125.121 532.877 229.271 0 
1 22 0 0 0 0 -0.000956664 -0.000620833 0.000328413 0.0011868 0 125.121 532.877 229.271 0 
1 22 0 0 0 0 6.98063e-05 -0.000141309 5.61085e-05 0.0001673 0 125.121 532.877 229.271 0 
1 22 0 0 0 0 0.00332132 -0.0032597 -0.00092638 0.004745 0 8.49289 538.397 199.131 0 
1 22 0 0 0 0 0.000847256 1.55248e-06 -0.000831053 0.0011868 0 8.49289 538.397 199.131 0 
1 22 0 0 0 0 9.96519e-05 0.000121191 -5.80646e-05 0.0001673 0 8.49289 538.397 199.131 0 
1 22 0 0 0 0 0.000684959 0.00172489 0.00436699 0.004745 0 341.578 576.516 281.279 0 
1 22 0 0 0 0 0.000381285 0.00105001 -0.000400756 0.0011868 0 341.578 576.516 281.279 0 
1 22 0 0 0 0 0.000128241 4.92871e-05 9.54691e-05 0.0001673 0 341.578 576.516 281.279 0 
1 22 0 0 0 0 -0.00329705 -0.00161336 0.000468524 0.0037004 0 212.85 565.311 609.784 0 
1 22 0 0 0 0 0.000164033 0.000628095 0.000818018 0.0010443 0 212.85 565.311 609.784 0 
1 22 0 0 0 0 1.03148e-05 0.00079991 -0.00087666 0.0011868 0 212.85 565.311 609.784 0 
1 22 0 0 0 0 3.49308e-05 5.69987e-05 -0.000153363 0.0001673 0 212.85 565.311 609.784 0 
1 22 0 0 0 0 -0.0023695 0.000767069 0.00192894 0.0031502 0 221.065 550.003 288.945 0 
1 22 0 0 0 0 -0.000997715 -0.00248036 -0.000768631 0.0027818 0 221.065 550.003 288.945 0 
1 22 0 0 0 0 -3.13046e-05 -2.73145e-07 0.000164345 0.0001673 0 221.065 550.003 288.945 0 
1 22 0 0 0 0 0.00394822 -0.000917764 -0.00246663 0.004745 0 -40.5776 122.466 530.434 0 
1 22 0 0 0 0 -0.000327036 0.00103661 -0.000476415 0.0011868 0 -40.5776 122.466 530.434 0 
1 22 0 0 0 0 -3.23343e-05 -0.00016052 -3.43082e-05 0.0001673 0 -40.5776 122.466 530.434 0 
1 22 0 0 0 0 -0.000118603 0.00398038 0.00258022 0.004745 0 177.007 400.483 175.671 0 
1 22 0 0 0 0 0.000519849 6.81907e-05 -0.00106471 0.0011868 0 177.007 400.483 175.671 0 
1 22 0 0 0 0 5.22418e-05 -0.000154783 3.60885e-05 0.0001673 0 177.007 400.483 175.671 0 
1 22 0 0 0 0 -0.00379079 -0.00190831 -0.0021221 0.004745 0 202.4 402.431 330.386 0 
1 22 0 0 0 0 0.000395366 0.000743725 -0.000836094 0.0011868 0 202.4 402.431 330.386 0 
1 22 0 0 0 0 9.24765e-06 -8.17826e-05 0.000145655 0.0001673 0 202.4 402.431 330.386 0 
1 22 0 0 0 0 0.00246408 0.00169667 -0.00368302 0.004745 0 -48.7259 597.336 288.662 0 
1 22 0 0 0 0 6.80586e-05 -0.000755855 -0.000912439 0.0011868 0 -48.7259 597.336 288.662 0 
1 22 0 0 0 0 -4.18972e-05 0.000155796 4.42898e-05 0.0001673 0 -48.7259 597.336 288.662 0 
1 22 0 0 0 0 -0.00389899 0.00394383 -0.000634676 0.005582 0 254.464 567.481 15.4468 0 
1 22 0 0 0 0 -1.59804e-05 0.00034384 -5.57687e-05 0.0003487 0 254.464 567.481 15.4468 0 
1 22 0 0 0 0 4.43707e-05 0.000145465 6.97175e-05 0.0001673 0 254.464 567.481 15.4468 0 
3 29
1 22 0 0 0 0 0.00428938 -0.00196975 0.000486171 0.004745 0 -214.898 579.451 201.816 0 
1 22 0 0 0 0 -0.00114042 -0.000324294 5.25862e-05 0.0011868 0 -214.898 579.451 201.816 0 
1 22 0 0 0 0 1.64869e-05 0.000162564 -3.59222e-05 0.0001673 0 -214.898 579.451 201.816 0 
1 22 0 0 0 0 0.0033942 -0.0030163 0.00324654 0.005582 0 -248.623 382.492 289.403 0 
1 22 0 0 0 0 -0.0001313 0.000213236 0.000242657 0.0003487 0 -248.623 382.492 289.403 0 
1 22 0 0 0 0 0.000141023 -7.86374e-05 4.37946e-05 0.0001673 0 -248.623 382.492 289.403 0 
1 22 0 0 0 0 4.93885e-05 -0.00263197 0.00394783 0.004745 0 -269.994 577.185 116.937 0 
1 22 0 0 0 0 0.000572454 0.00103918 2.99835e-05 0.0011868 0 -269.994 577.185 116.937 0 
1 22 0 0 0 0 0.00016204 -9.74142e-06 -4.04669e-05 0.0001673 0 -269.994 577.185 116.937 0 
1 22 0 0 0 0 0.00342301 -0.00127371 -0.00302914 0.004745 0 160.433 582.325 184.288 0 
1 22 0 0 0 0 0.00026744 0.0010265 -0.000841475 0.001354 0 160.433 582.325 184.288 0 
1 22 0 0 0 0 -0.000876472 -0.00462724 0.000579228 0.004745 0 85.6134 572.273 28.1013 0 
1 22 0 0 0 0 -0.000285253 -0.000154277 -0.00114163 0.0011868 0 85.6134 572.273 28.1013 0 
1 22 0 0 0 0 -5.27699e-05 -0.000130758 -9.00391e-05 0.0001673 0 85.6134 572.273 28.1013 0 
1 22 0 0 0 0 -0.00132263 -0.000148197 0.00542102 0.005582 0 25.9266 592.622 424.883 0 
1 22 0 0 0 0 0.00033676 -6.81001e-06 -0.000390899 0.000516 0 25.9266 592.622 424.883 0 
1 22 0 0 0 0 -0.000456841 0.00343895 0.00128759 0.0037004 0 -302.823 585.601 69.1813 0 
1 22 0 0 0 0 0.000191422 0.000918979 -0.0004576 0.0010443 0 -302.823 585.601 69.1813 0 
1 22 0 0 0 0 0.00115778 0.000120964 -0.000231098 0.0011868 0 -302.823 585.601 69.1813 0 
1 22 0 0 0 0 -5.80492e-06 -0.000144748 8.36872e-05 0.0001673 0 -302.823 585.601 69.1813 0 
1 22 0 0 0 0 0.000965266 0.00450007 -0.0011544 0.004745 0 28.0017 591.446 257.622 0 
1 22 0 0 0 0 0.000607432 -0.000794353 -0.00063916 0.0011868 0 28.0017 591.446 257.622 0 
1 22 0 0 0 0 0.000119756 9.57427e-05 -6.69413e-05 0.0001673 0 28.0017 591.446 257.622 0 
1 22 0 0 0 0 0.00152504 0.0032692 0.000824347 0.0037004 0 188.033 420.198 418.706 0 
1 22 0 0 0 0 0.00118752 0.000928703 0.00112577 0.0018815 0 188.033 420.198 418.706 0 
1 22 0 0 0 0 0.000290988 -0.000417761 -8.40112e-05 0.000516 0 188.033 420.198 418.706 0 
1 22 0 0 0 0 -0.000479062 0.00460787 0.00102617 0.004745 0 128.354 591.64 336.668 0 
1 22 0 0 0 0 0.000109048 -0.000686581 0.000961878 0.0011868 0 128.354 591.64 336.668 0 
1 22 0 0 0 0 0.000140715 -8.13284e-05 -3.96763e-05 0.0001673 0 128.354 591.64 336.668 0 
4 30
1 22 0 0 0 0 0.000476799 0.002019 -0.000485989 0.0021307 0 189.6 475.534 325.311 0 
1 22 0 0 0 0 0.00208212 -0.000442379 0.00271735 0.0034518 0 189.6 475.534 325.311 0 
1 22 0 0 0 0 -0.00010356 -0.000209203 -0.00046018 0.000516 0 189.6 475.534 325.311 0 
1 22 0 0 0 0 -0.00090159 -0.00388184 -0.00257556 0.004745 0 -111.896 560.004 452.449 0 
1 22 0 0 0 0 0.000429194 0.00069669 -0.000179324 0.0008377 0 -111.896 560.004 452.449 0 
1 22 0 0 0 0 0.00021836 5.20362e-06 -0.000271816 0.0003487 0 -111.896 560.004 452.449 0 
1 22 0 0 0 0 0.00015712 5.73838e-05 3.09315e-06 0.0001673 0 -111.896 560.004 452.449 0 
1 22 0 0 0 0 0.000787672 0.00210163 0.00162653 0.0027718 0 126.39 562.716 197.807 0 
1 22 0 0 0 0 -0.00119547 -0.00202205 0.00154308 0.0028105 0 126.39 562.716 197.807 0 
1 22 0 0 0 0 -0.000111726 0.000257674 -0.000432871 0.000516 0 126.39 562.716 197.807 0 
1 22 0 0 0 0 0.000250118 -0.000538124 0.00470775 0.004745 0 79.0882 487.812 168.117 0 
1 22 0 0 0 0 -1.36811e-05 -0.000766455 0.000337788 0.0008377 0 79.0882 487.812 168.117 0 
1 22 0 0 0 0 -0.000238411 0.000435767 -0.000139727 0.000516 0 79.0882 487.812 168.117 0 
1 22 0 0 0 0 -0.00238125 -0.00368646 -0.00180408 0.004745 0 310.506 537.708 435.608 0 
1 22 0 0 0 0 -0.000516819 0.000984179 -0.000415672 0.0011868 0 310.506 537.708 435.608 0 
1 22 0 0 0 0 5.78294e-05 -6.96779e-06 -0.000156833 0.0001673 0 310.506 537.708 435.608 0 
1 22 0 0 0 0 0.00228228 -0.00233742 0.00452619 0.005582 0 213.872 520.275 471.663 0 
1 22 0 0 0 0 -9.21645e-05 0.00023363 0.000450754 0.000516 0 213.872 520.275 471.663 0 
1 22 0 0 0 0 0.000186223 -0.000117344 -0.00276305 0.0027718 0 -150.016 484.082 478.301 0 
1 22 0 0 0 0 0.00120421 0.00238958 0.000859461 0.0028105 0 -150.016 484.082 478.301 0 
1 22 0 0 0 0 -8.5515e-05 -0.000324493 -0.000391979 0.000516 0 -150.016 484.082 478.301 0 
1 22 0 0 0 0 -0.00277174 0.000897124 -0.00374535 0.004745 0 -210.57 548.306 128.509 0 
1 22 0 0 0 0 -0.000305086 0.00065738 0.000420138 0.0008377 0 -210.57 548.306 128.509 0 
1 22 0 0 0 0 -1.79399e-05 -0.00043887 -0.00027079 0.000516 0 -210.57 548.306 128.509 0 
1 22 0 0 0 0 -0.00193842 -0.00240145 -0.00134246 0.0033655 0 337.171 590.246 132.606 0 
1 22 0 0 0 0 -0.00217534 -0.00135485 0.000130949 0.0025661 0 337.171 590.246 132.606 0 
1 22 0 0 0 0 0.000157356 -4.61165e-05 3.31902e-05 0.0001673 0 337.171 590.246 132.606 0 
1 22 0 0 0 0 -0.0018637 0.000712942 -0.00271015 0.0033655 0 261.91 464.082 677.6 0 
1 22 0 0 0 0 0.00171963 0.00129686 -0.00139496 0.0025661 0 261.91 464.082 677.6 0 
1 22 0 0 0 0 -4.25385e-05 -0.000130863 9.51563e-05 0.0001673 0 261.91 464.082 677.6 0 
5 31
1 22 0 0 0 0 0.00342378 -0.00325646 0.000433837 0.004745 0 -33.0653 577.917 383.467 0 
1 22 0 0 0 0 0.000302144 0.000695954 0.000355103 0.0008377 0 -33.0653 577.917 383.467 0 
1 22 0 0 0 0 -0.00026433 6.26462e-05 -0.000438704 0.000516 0 -33.0653 577.917 383.467 0 
1 22 0 0 0 0 -0.000648591 -0.00246904 -0.00107984 0.0027718 0 145.317 516.121 313.178 0 
1 22 0 0 0 0 -5.23051e-05 0.00242475 -0.00142013 0.0028105 0 145.317 516.121 313.178 0 
1 22 0 0 0 0 -0.000123369 -0.000464977 -0.000186634 0.000516 0 145.317 516.121 313.178 0 
1 22 0 0 0 0 -0.000436524 -0.00179596 0.00437024 0.004745 0 137.959 434.863 57.7191 0 
1 22 0 0 0 0 -0.000535242 9.81761e-05 -0.000636882 0.0008377 0 137.959 434.863 57.7191 0 
1 22 0 0 0 0 -3.14792e-05 0.000509629 7.44554e-05 0.000516 0 137.959 434.863 57.7191 0 
1 22 0 0 0 0 0.00311545 0.00190473 0.00303002 0.004745 0 125.407 555.263 210.664 0 
1 22 0 0 0 0 -0.0010929 -0.000285263 0.000364256 0.0011868 0 125.407 555.263 210.664 0 
1 22 0 0 0 0 7.42657e-05 7.07158e-05 0.000132186 0.0001673 0 125.407 555.263 210.664 0 
1 22 0 0 0 0 -6.59799e-05 -0.00422264 0.00216333 0.004745 0 324.712 491.118 323.009 0 
1 22 0 0 0 0 0.000237663 0.000520573 0.00103972 0.0011868 0 324.712 491.118 323.009 0 
1 22 0 0 0 0 9.7956e-05 0.000135181 -1.09537e-05 0.0001673 0 324.712 491.118 323.009 0 
1 22 0 0 0 0 0.00163739 -0.00100712 0.00524055 0.005582 0 -39.4108 26.6527 461.277 0 
1 22 0 0 0 0 -0.000271591 0.000206025 7.33731e-05 0.0003487 0 -39.4108 26.6527 461.277 0 
1 22 0 0 0 0 -9.13504e-05 5.78272e-06 -0.000140039 0.0001673 0 -39.4108 26.6527 461.277 0 
1 22 0 0 0 0 -0.000343899 0.00194668 0.00431361 0.004745 0 241.551 564.245 163.269 0 
1 22 0 0 0 0 -0.000612919 8.17052e-05 -0.00101299 0.0011868 0 241.551 564.245 163.269 0 
1 22 0 0 0 0 -0.000141176 -1.27e-05 -8.88667e-05 0.0001673 0 241.551 564.245 163.269 0 
1 22 0 0 0 0 0.000835701 -0.00401988 -0.00237849 0.004745 0 116.489 534.258 121.702 0 
1 22 0 0 0 0 0.000157925 0.00116786 0.000140173 0.0011868 0 116.489 534.258 121.702 0 
1 22 0 0 0 0 -8.86133e-05 -0.00011742 7.96837e-05 0.0001673 0 116.489 534.258 121.702 0 
1 22 0 0 0 0 -0.00368461 -0.000254973 -0.000227222 0.0037004 0 -19.5098 380.615 386.418 0 
1 22 0 0 0 0 0.00012231 0.00102262 0.00017276 0.0010443 0 -19.5098 380.615 386.418 0 
1 22 0 0 0 0 -0.000396354 3.52819e-05 0.000737157 0.0008377 0 -19.5098 380.615 386.418 0 
1 22 0 0 0 0 -0.000274452 0.000435555 -3.49809e-05 0.000516 0 -19.5098 380.615 386.418 0 
1 22 0 0 0 0 -0.00330132 0.00227905 -0.00253422 0.004745 0 296.683 579.411 59.2922 0 
1 22 0 0 0 0 0.000303552 0.000902672 -0.00070819 0.0011868 0 296.683 579.411 59.2922 0 
1 22 0 0 0 0 7.64063e-05 -0.000142723 -4.22097e-05 0.0001673 0 296.683 579.411 59.2922 0 
6 33
1 22 0 0 0 0 -0.00238317 -0.00137331 0.000342644 0.0027718 0 338.288 593.245 164.491 0 
1 22 0 0 0 0 0.00111318 0.000157086 0.00257586 0.0028105 0 338.288 593.245 164.491 0 
1 22 0 0 0 0 6.73622e-05 -6.95324e-05 0.000334991 0.0003487 0 338.288 593.245 164.491 0 
1 22 0 0 0 0 -2.60878e-05 7.02663e-05 -0.000149571 0.0001673 0 338.288 593.245 164.491 0 
1 22 0 0 0 0 0.00247428 -0.00229587 0.00333496 0.004745 0 -49.0114 524.412 304.526 0 
1 22 0 0 0 0 -0.000848424 -0.000519869 0.000646844 0.0011868 0 -49.0114 524.412 304.526 0 
1 22 0 0 0 0 0.00015291 -5.29193e-05 4.25137e-05 0.0001673 0 -49.0114 524.412 304.526 0 
1 22 0 0 0 0 0.002239 -0.00398027 -0.00128815 0.004745 0 306.232 540.153 504.521 0 
1 22 0 0 0 0 0.000124326 -0.000890205 -0.000774966 0.0011868 0 306.232 540.153 504.521 0 
1 22 0 0 0 0 -0.000146995 -5.84056e-05 5.45025e-05 0.0001673 0 306.232 540.153 504.521 0 
1 22 0 0 0 0 -0.0028505 -0.00217156 -0.0031103 0.004745 0 -194.88 571.715 351.557 0 
1 22 0 0 0 0 -0.000817173 0.000170088 -0.000843678 0.0011868 0 -194.88 571.715 351.557 0 
1 22 0 0 0 0 -0.000160079 -3.78287e-06 4.84741e-05 0.0001673 0 -194.88 571.715 351.557 0 
1 22 0 0 0 0 -0.00106508 0.00352614 0.000353379 0.0037004 0 57.1897 577.414 504.256 0 
1 22 0 0 0 0 -0.000150693 0.000112557 -0.00102722 0.0010443 0 57.1897 577.414 504.256 0 
1 22 0 0 0 0 -1.98506e-05 -0.000689021 -0.000476022 0.0008377 0 57.1897 577.414 504.256 0 
1 22 0 0 0 0 7.44752e-05 -0.000396814 0.000321322 0.000516 0 57.1897 577.414 504.256 0 
1 22 0 0 0 0 -5.94473e-06 -0.00169886 0.00128597 0.0021307 0 333.635 581.696 26.2817 0 
1 22 0 0 0 0 0.000238338 0.0017826 0.00189739 0.0026143 0 333.635 581.696 26.2817 0 
1 22 0 0 0 0 0.000551263 0.000131715 -0.00104272 0.0011868 0 333.635 581.696 26.2817 0 
1 22 0 0 0 0 8.8875e-05 -0.000140703 1.71201e-05 0.0001673 0 333.635 581.696 26.2817 0 
1 22 0 0 0 0 0.00124703 0.00543687 0.000209903 0.005582 0 167.073 573.889 95.4573 0 
1 22 0 0 0 0 -0.000412213 0.000184396 0.000249669 0.000516 0 167.073 573.889 95.4573 0 
1 22 0 0 0 0 -0.00424745 0.00197267 -0.000763404 0.004745 0 264.739 573.119 5.72658 0 
1 22 0 0 0 0 -0.000316497 0.000121809 0.00113732 0.0011868 0 264.739 573.119 5.72658 0 
1 22 0 0 0 0 0.000103487 9.98614e-05 -8.54832e-05 0.0001673 0 264.739 573.119 5.72658 0 
1 22 0 0 0 0 -0.000593635 0.00358688 0.00304909 0.004745 0 97.0497 573.478 319.391 0 
1 22 0 0 0 0 0.000896636 -0.000142816 -0.000764292 0.0011868 0 97.0497 573.478 319.391 0 
1 22 0 0 0 0 8.75911e-05 -0.000141956 -1.2872e-05 0.0001673 0 97.0497 573.478 319.391 0 
1 22 0 0 0 0 0.00107155 0.00242219 0.000817111 0.0027718 0 98.3485 592.571 17.9219 0 
1 22 0 0 0 0 0.00132362 -0.000410007 -0.0018252 0.0022916 0 98.3485 592.571 17.9219 0 
1 22 0 0 0 0 -0.000589326 -0.000447703 -0.00045218 0.0008673 0 98.3485 592.571 17.9219 0 
1 22 0 0 0 0 -0.000107059 -0.00012824 -9.06236e-06 0.0001673 0 98.3485 592.571 17.9219 0 
7 27
1 22 0 0 0 0 0.0016535 -0.00516411 0.00132536 0.005582 0 -288.603 572.612 362.445 0 
1 22 0 0 0 0 -5.13425e-05 0.000459299 0.000229487 0.000516 0 -288.603 572.612 362.445 0 
1 22 0 0 0 0 0.00401774 0.00241835 -0.000724108 0.004745 0 -115.804 539.298 149.47 0 
1 22 0 0 0 0 -0.000724403 -1.32687e-05 0.000939978 0.0011868 0 -115.804 539.298 149.47 0 
1 22 0 0 0 0 0.000105546 5.18815e-05 0.000118986 0.0001673 0 -115.804 539.298 149.47 0 
1 22 0 0 0 0 0.0036791 0.00225651 -0.00197164 0.004745 0 196.981 565.327 316.977 0 
1 22 0 0 0 0 -0.000190814 0.000600936 -0.00119824 0.001354 0 196.981 565.327 316.977 0 
1 22 0 0 0 0 -0.000437153 0.00330354 0.000471288 0.0033655 0 8.27496 584.116 133.619 0 
1 22 0 0 0 0 -0.00244901 0.00019537 -0.000740975 0.0025661 0 8.27496 584.116 133.619 0 
1 22 0 0 0 0 -0.000161363 3.4306e-05 2.78299e-05 0.0001673 0 8.27496 584.116 133.619 0 
1 22 0 0 0 0 0.00557751 0.000215777 -5.96823e-05 0.005582 0 13.8356 469.516 279.367 0 
1 22 0 0 0 0 0.000112546 0.000320966 -0.000388034 0.000516 0 13.8356 469.516 279.367 0 
1 22 0 0 0 0 -0.00361476 0.00102782 0.00289692 0.004745 0 349.576 446.477 73.2621 0 
1 22 0 0 0 0 -0.000444263 0.000933532 0.000582789 0.0011868 0 349.576 446.477 73.2621 0 
1 22 0 0 0 0 0.000159479 -3.64684e-05 -3.50123e-05 0.0001673 0 349.576 446.477 73.2621 0 
1 22 0 0 0 0 0.000473013 0.00325924 0.00341594 0.004745 0 155.468 548.376 317.888 0 
1 22 0 0 0 0 0.000804617 0.000396141 0.000777276 0.0011868 0 155.468 548.376 317.888 0 
1 22 0 0 0 0 -7.3808e-05 0.000110312 -0.000101847 0.0001673 0 155.468 548.376 317.888 0 
1 22 0 0 0 0 0.00230614 0.00182145 0.00113482 0.0031502 0 -35.0368 569.385 218.196 0 
1 22 0 0 0 0 0.00172428 -0.00115213 -0.00127143 0.0024325 0 -35.0368 569.385 218.196 0 
1 22 0 0 0 0 0.000383603 0.000301787 0.00016742 0.000516 0 -35.0368 569.385 218.196 0 
1 22 0 0 0 0 -0.00284457 0.00373604 0.000682253 0.004745 0 -230.75 559.513 309.852 0 
1 22 0 0 0 0 -0.000326129 0.000497257 0.00102707 0.0011868 0 -230.75 559.513 309.852 0 
1 22 0 0 0 0 -0.000100308 -0.000128365 3.80773e-05 0.0001673 0 -230.75 559.513 309.852 0 
1 22 0 0 0 0 0.00367528 0.00205948 0.00218309 0.004745 0 -324.435 586.994 312.298 0 
1 22 0 0 0 0 1.19834e-05 -0.0010874 0.000475302 0.0011868 0 -324.435 586.994 312.298 0 
1 22 0 0 0 0 6.98246e-05 9.51212e-05 0.000118599 0.0001673 0 -324.435 586.994 312.298 0 
8 30
1 22 0 0 0 0 -0.000460712 0.00449016 0.00146329 0.004745 0 299.935 588.782 494.373 0 
1 22 0 0 0 0 0.00010227 -0.000947895 0.000706774 0.0011868 0 299.935 588.782 494.373 0 
1 22 0 0 0 0 5.94848e-05 4.17149e-05 -0.000150701 0.0001673 0 299.935 588.782 494.373 0 
1 22 0 0 0 0 -0.0016885 -0.00362437 -0.00255498 0.004745 0 256.664 508.887 25.1395 0 
1 22 0 0 0 0 0.00114972 2.68367e-05 -0.000293129 0.0011868 0 256.664 508.887 25.1395 0 
1 22 0 0 0 0 0.000116648 -3.30814e-06 -0.000119881 0.0001673 0 256.664 508.887 25.1395 0 
1 22 0 0 0 0 -0.004885 -0.00126885 0.00238444 0.005582 0 124.948 542.771 24.1584 0 
1 22 0 0 0 0 0.000450438 -0.000251517 1.00312e-05 0.000516 0 124.948 542.771 24.1584 0 
1 22 0 0 0 0 -0.00314853 -0.0027169 -0.00228479 0.004745 0 334.557 361.399 65.7947 0 
1 22 0 0 0 0 0.00118387 7.58067e-05 3.47985e-05 0.0011868 0 334.557 361.399 65.7947 0 
1 22 0 0 0 0 1.06664e-05 4.44716e-05 0.000160928 0.0001673 0 334.557 361.399 65.7947 0 
1 22 0 0 0 0 0.00108996 -0.00437841 -0.00146852 0.004745 0 265.29 462.313 234.859 0 
1 22 0 0 0 0 0.000721672 -0.000857018 -0.000391412 0.0011868 0 265.29 462.313 234.859 0 
1 22 0 0 0 0 -0.000158611 -5.07648e-05 -1.59628e-05 0.0001673 0 265.29 462.313 234.859 0 
1 22 0 0 0 0 0.000938165 -0.00182613 -0.000570056 0.0021307 0 -72.0254 583.726 54.0467 0 
1 22 0 0 0 0 0.000557784 0.00253696 0.000295398 0.0026143 0 -72.0254 583.726 54.0467 0 
1 22 0 0 0 0 -8.85753e-05 0.000622338 -0.00100665 0.0011868 0 -72.0254 583.726 54.0467 0 
1 22 0 0 0 0 -0.000163775 -1.58378e-05 -3.02675e-05 0.0001673 0 -72.0254 583.726 54.0467 0 
1 22 0 0 0 0 0.00164994 0.000613949 -0.00529712 0.005582 0 44.8261 574.134 369.53 0 
1 22 0 0 0 0 -0.000331335 0.000200142 -0.000341198 0.000516 0 44.8261 574.134 369.53 0 
1 22 0 0 0 0 0.000121965 -0.00118593 0.00350309 0.0037004 0 249.478 582.976 44.5834 0 
1 22 0 0 0 0 0.000868013 0.000576513 -6.89103e-05 0.0010443 0 249.478 582.976 44.5834 0 
1 22 0 0 0 0 0.000821273 2.91272e-05 0.000856245 0.0011868 0 249.478 582.976 44.5834 0 
1 22 0 0 0 0 -9.15319e-05 -1.132e-05 -0.000139582 0.0001673 0 249.478 582.976 44.5834 0 
1 22 0 0 0 0 -0.000135021 -0.00450322 0.00148924 0.004745 0 112.637 598.884 301.95 0 
1 22 0 0 0 0 0.000326101 -0.000765438 -9.74927e-05 0.0008377 0 112.637 598.884 301.95 0 
1 22 0 0 0 0 -0.0002502 -0.000300061 -0.000337075 0.000516 0 112.637 598.884 301.95 0 
1 22 0 0 0 0 -0.00456948 0.00107639 0.00069015 0.004745 0 233.692 531.138 13.1927 0 
1 22 0 0 0 0 0.000557573 0.000867933 0.00058677 0.0011868 0 233.692 531.138 13.1927 0 
1 22 0 0 0 0 -5.24245e-05 -0.000144423 -6.62037e-05 0.0001673 0 233.692 531.138 13.1927 0 
9 29
1 22 0 0 0 0 -0.00205961 -0.00089389 0.0025071 0.0033655 0 133.507 588.171 234.256 0 
1 22 0 0 0 0 -6.44772e-05 0.00217162 -0.00136556 0.0025661 0 133.507 588.171 234.256 0 
1 22 0 0 0 0 -8.5284e-05 0.00014393 4.0992e-08 0.0001673 0 133.507 588.171 234.256 0 
1 22 0 0 0 0 0.00124656 -0.00201955 0.0028391 0.0037004 0 -222.737 579.943 169.485 0 
1 22 0 0 0 0 0.000631694 -0.000829405 6.01011e-05 0.0010443 0 -222.737 579.943 169.485 0 
1 22 0 0 0 0 0.000998129 4.19556e-05 -0.000640681 0.0011868 0 -222.737 579.943 169.485 0 
1 22 0 0 0 0 -0.000132069 4.80074e-05 9.0788e-05 0.0001673 0 -222.737 579.943 169.485 0 
1 22 0 0 0 0 0.002266 0.00328364 0.00256865 0.004745 0 -170.799 578.608 269.844 0 
1 22 0 0 0 0 0.000178956 0.000529661 0.00104687 0.0011868 0 -170.799 578.608 269.844 0 
1 22 0 0 0 0 -6.00841e-06 0.000167074 6.28039e-06 0.0001673 0 -170.799 578.608 269.844 0 
1 22 0 0 0 0 0.00453761 0.00307751 0.00104773 0.005582 0 -167.413 578.026 468.875 0 
1 22 0 0 0 0 -0.000178873 0.000266208 -0.00040422 0.000516 0 -167.413 578.026 468.875 0 
1 22 0 0 0 0 0.00122574 -0.00503192 0.00208233 0.005582 0 155.137 532.352 192.664 0 
1 22 0 0 0 0 -0.000411401 -6.8994e-05 -0.000303719 0.000516 0 155.137 532.352 192.664 0 
1 22 0 0 0 0 -0.00136475 0.00448156 0.00192202 0.0050637 0 196.533 437.318 164.134 0 
1 22 0 0 0 0 -0.000154836 -0.000196736 -0.00083038 0.0008673 0 196.533 437.318 164.134 0 
1 22 0 0 0 0 6.20981e-06 -8.13841e-05 -0.000146039 0.0001673 0 196.533 437.318 164.134 0 
1 22 0 0 0 0 -0.0019042 -0.00126751 0.00246861 0.0033655 0 102.765 593.804 198.654 0 
1 22 0 0 0 0 0.000709489 0.0019555 0.0015025 0.0025661 0 102.765 593.804 198.654 0 
1 22 0 0 0 0 -2.49382e-05 -2.64228e-05 -0.000163307 0.0001673 0 102.765 593.804 198.654 0 
1 22 0 0 0 0 0.00074203 -0.00130077 0.00450249 0.004745 0 11.2284 544.523 164.728 0 
1 22 0 0 0 0 -0.0011536 -0.000238086 -0.000144961 0.0011868 0 11.2284 544.523 164.728 0 
1 22 0 0 0 0 -0.000127111 2.57031e-05 -0.000105695 0.0001673 0 11.2284 544.523 164.728 0 
1 22 0 0 0 0 -0.000687244 0.00378402 0.0027792 0.004745 0 204.77 593.66 113.48 0 
1 22 0 0 0 0 0.000860442 -0.000709692 -0.000405549 0.0011868 0 204.77 593.66 113.48 0 
1 22 0 0 0 0 0.000149386 -2.68113e-05 -7.03871e-05 0.0001673 0 204.77 593.66 113.48 0 
1 22 0 0 0 0 -0.00138061 0.00236737 -0.00195348 0.0033655 0 263.043 483.838 182.583 0 
1 22 0 0 0 0 -0.00162711 -0.000316325 0.00195891 0.0025661 0 263.043 483.838 182.583 0 
1 22 0 0 0 0 0.000138607 -1.8765e-05 9.17899e-05 0.0001673 0 263.043 483.838 182.583 0 
