0 4
1 22 0 0 0 0 0.00035674 0.00209215 0.00303127 0.0037004 0 135.858 585.549 197.806 0 
1 22 0 0 0 0 -0.000969469 0.000388118 7.54919e-06 0.0010443 0 135.858 585.549 197.806 0 
1 22 0 0 0 0 0.0011183 -0.000254319 0.000305303 0.0011868 0 135.858 585.549 197.806 0 
1 22 0 0 0 0 -3.13798e-05 0.000107774 0.000124054 0.0001673 0 135.858 585.549 197.806 0 
1 3
1 22 0 0 0 0 -0.00383371 -0.0026148 0.000990209 0.004745 0 214.448 582.14 595.626 0 
1 22 0 0 0 0 0.000191011 -0.000195779 0.00115485 0.0011868 0 214.448 582.14 595.626 0 
1 22 0 0 0 0 -7.31321e-05 2.82127e-05 0.000147801 0.0001673 0 214.448 582.14 595.626 0 
2 3
1 22 0 0 0 0 -0.000990664 -0.00338169 0.0031777 0.004745 0 344.661 586.9 211.581 0 
1 22 0 0 0 0 -0.00114342 0.000212185 -0.00023676 0.0011868 0 344.661 586.9 211.581 0 
1 22 0 0 0 0 -0.000148271 7.72741e-05 -5.81542e-06 0.0001673 0 344.661 586.9 211.581 0 
3 3
1 22 0 0 0 0 0.00116954 0.0036732 -0.00276673 0.004745 0 38.7661 422.515 71.7424 0 
1 22 0 0 0 0 0.000777658 0.000526796 0.000725416 0.0011868 0 38.7661 422.515 71.7424 0 
1 22 0 0 0 0 9.59191e-05 0.000134957 -2.3989e-05 0.0001673 0 38.7661 422.515 71.7424 0 
4 3
1 22 0 0 0 0 -0.00101765 -0.00264872 -0.00122191 0.0030894 0 206.021 401.901 54.2883 0 
1 22 0 0 0 0 -0.00237215 -0.000208828 0.00155213 0.0028425 0 206.021 401.901 54.2883 0 
1 22 0 0 0 0 1.11486e-05 0.000163025 3.58851e-05 0.0001673 0 206.021 401.901 54.2883 0 
5 3
1 22 0 0 0 0 0.000803061 -0.00347128 0.00313374 0.004745 0 -87.1423 549.525 259.302 0 
1 22 0 0 0 0 -0.00111904 -2.67588e-05 0.000394367 0.0011868 0 -87.1423 549.525 259.302 0 
1 22 0 0 0 0 2.9601e-05 -1.08615e-05 -0.000164302 0.0001673 0 -87.1423 549.525 259.302 0 
6 4
1 22 0 0 0 0 -0.000815319 0.000255546 -0.00263682 0.0027718 0 8.59371 580.538 231.868 0 
1 22 0 0 0 0 0.000701958 -0.00136876 -0.00123487 0.0019726 0 8.59371 580.538 231.868 0 
1 22 0 0 0 0 0.000343055 0.00113587 -2.4704e-05 0.0011868 0 8.59371 580.538 231.868 0 
1 22 0 0 0 0 4.54755e-05 -9.49151e-05 -0.000130048 0.0001673 0 8.59371 580.538 231.868 0 
7 3
1 22 0 0 0 0 -0.00322019 0.00214806 -0.00274431 0.004745 0 318.562 442.716 119.412 0 
1 22 0 0 0 0 -0.000936424 0.000210911 -0.00069794 0.0011868 0 318.562 442.716 119.412 0 
1 22 0 0 0 0 0.000113737 -6.47883e-05 -0.00010419 0.0001673 0 318.562 442.716 119.412 0 
8 3
1 22 0 0 0 0 -0.00210693 -0.000381529 0.00423442 0.004745 0 34.2641 561.029 202.063 0 
1 22 0 0 0 0 0.00050048 0.000953844 -0.000498193 0.0011868 0 34.2641 561.029 202.063 0 
1 22 0 0 0 0 0.000130879 9.97561e-05 -3.01466e-05 0.0001673 0 34.2641 561.029 202.063 0 
9 3
1 22 0 0 0 0 -0.00204151 -0.0042641 -0.000405822 0.004745 0 -143.902 549.425 494.314 0 
1 22 0 0 0 0 0.000521301 0.000842309 -0.000653648 0.0011868 0 -143.902 549.425 494.314 0 
1 22 0 0 0 0 7.54328e-05 0.000140821 -4.96865e-05 0.0001673 0 -143.902 549.425 494.314 0 
10 3
1 22 0 0 0 0 0.00398428 -0.00234335 0.00107204 0.004745 0 58.2818 566.323 692.375 0 
1 22 0 0 0 0 0.000732941 -0.000844824 -0.000396943 0.0011868 0 58.2818 566.323 692.375 0 
1 22 0 0 0 0 3.86603e-06 7.37152e-05 -0.000150135 0.0001673 0 58.2818 566.323 692.375 0 
11 3
1 22 0 0 0 0 0.00458445 -0.00111959 0.000494299 0.004745 0 9.51434 509.752 397.285 0 
1 22 0 0 0 0 0.000791162 0.000323001 0.000823546 0.0011868 0 9.51434 509.752 397.285 0 
1 22 0 0 0 0 2.1953e-05 -0.000130815 0.000101955 0.0001673 0 9.51434 509.752 397.285 0 
12 3
1 22 0 0 0 0 0.00385241 -0.00259939 0.000957686 0.004745 0 -211.016 570.496 64.1341 0 
1 22 0 0 0 0 -5.57437e-05 0.0011579 -0.00025426 0.0011868 0 -211.016 570.496 64.1341 0 
1 22 0 0 0 0 -3.76074e-05 -6.51487e-05 -0.000149434 0.0001673 0 -211.016 570.496 64.1341 0 
13 3
1 22 0 0 0 0 -0.00348774 0.000574407 -0.00316556 0.004745 0 139.509 574.139 128.604 0 
1 22 0 0 0 0 0.00080559 -0.000224894 4.67805e-05 0.0008377 0 139.509 574.139 128.604 0 
1 22 0 0 0 0 0.000470264 -9.18106e-05 -0.000191516 0.000516 0 139.509 574.139 128.604 0 
14 3
1 22 0 0 0 0 0.00101817 0.000352095 -0.00296025 0.0031502 0 -41.9573 454.499 50.9354 0 
1 22 0 0 0 0 0.0016271 0.00220481 0.000479348 0.0027818 0 -41.9573 454.499 50.9354 0 
1 22 0 0 0 0 8.68077e-05 3.3969e-05 -0.000138924 0.0001673 0 -41.9573 454.499 50.9354 0 
15 3
1 22 0 0 0 0 -0.0013394 -0.00105799 0.00442738 0.004745 0 202.843 66.7855 164.28 0 
1 22 0 0 0 0 -0.000357968 0.000893339 -0.000694478 0.0011868 0 202.843 66.7855 164.28 0 
1 22 0 0 0 0 -6.59405e-05 0.000121349 9.44219e-05 0.0001673 0 202.843 66.7855 164.28 0 
16 3
1 22 0 0 0 0 -0.00361239 0.00275791 0.00136367 0.004745 0 212.414 579 155.152 0 
1 22 0 0 0 0 -8.79435e-05 0.000874468 0.000797538 0.0011868 0 212.414 579 155.152 0 
1 22 0 0 0 0 0.000111822 -0.00012183 2.53517e-05 0.0001673 0 212.414 579 155.152 0 
17 3
1 22 0 0 0 0 7.74973e-05 0.00259803 -0.00213795 0.0033655 0 247.615 340.876 222.394 0 
1 22 0 0 0 0 0.00146305 0.00210677 7.67099e-05 0.0025661 0 247.615 340.876 222.394 0 
1 22 0 0 0 0 7.24102e-05 0.000108095 0.000105174 0.0001673 0 247.615 340.876 222.394 0 
18 3
1 22 0 0 0 0 0.00264131 -0.00171268 0.000118165 0.0031502 0 83.1225 573.396 288.074 0 
1 22 0 0 0 0 0.00101602 -0.00156861 0.00206048 0.0027818 0 83.1225 573.396 288.074 0 
1 22 0 0 0 0 -0.000158782 4.20333e-05 3.17935e-05 0.0001673 0 83.1225 573.396 288.074 0 
19 4
1 22 0 0 0 0 0.00152227 -0.000531875 -0.00139273 0.0021307 0 223.39 532.745 664.018 0 
1 22 0 0 0 0 -0.00168306 0.000569436 -0.00191771 0.0026143 0 223.39 532.745 664.018 0 
1 22 0 0 0 0 -0.0010774 4.19483e-05 0.000495928 0.0011868 0 223.39 532.745 664.018 0 
1 22 0 0 0 0 -0.000117585 -6.01552e-05 0.000102686 0.0001673 0 223.39 532.745 664.018 0 
20 3
1 22 0 0 0 0 0.00557617 -4.51468e-05 -0.00025112 0.005582 0 -21.5682 488.479 338.458 0 
1 22 0 0 0 0 -0.000248463 3.89388e-05 -0.000241541 0.0003487 0 -21.5682 488.479 338.458 0 
1 22 0 0 0 0 -0.000164739 2.19146e-05 1.9234e-05 0.0001673 0 -21.5682 488.479 338.458 0 
21 3
1 22 0 0 0 0 -0.000769117 -0.00241676 0.00401033 0.004745 0 159.965 565.539 14.8112 0 
1 22 0 0 0 0 -2.79884e-05 0.000284946 -0.000787251 0.0008377 0 159.965 565.539 14.8112 0 
1 22 0 0 0 0 0.000229735 0.000229662 0.000400915 0.000516 0 159.965 565.539 14.8112 0 
22 3
1 22 0 0 0 0 -0.000826846 0.00114747 -0.00115937 0.0018288 0 323.012 581.477 411.698 0 
1 22 0 0 0 0 -0.0035533 0.00180408 -0.000974621 0.0041025 0 323.012 581.477 411.698 0 
1 22 0 0 0 0 -1.82227e-05 9.55968e-05 -0.000136083 0.0001673 0 323.012 581.477 411.698 0 
23 3
1 22 0 0 0 0 -0.000608146 0.00241154 -0.00122373 0.0027718 0 223.832 573.192 163.613 0 
1 22 0 0 0 0 -0.00222811 -0.00113609 -0.00128209 0.0028105 0 223.832 573.192 163.613 0 
1 22 0 0 0 0 7.47251e-05 -0.000471485 0.000195893 0.000516 0 223.832 573.192 163.613 0 
24 3
1 22 0 0 0 0 0.00340563 0.00141941 -0.00298362 0.004745 0 -263.236 528.441 309.69 0 
1 22 0 0 0 0 0.000525222 0.00089241 -0.000579862 0.0011868 0 -263.236 528.441 309.69 0 
1 22 0 0 0 0 9.25091e-05 -8.87231e-05 0.000107515 0.0001673 0 -263.236 528.441 309.69 0 
25 3
1 22 0 0 0 0 0.00178573 -0.00146215 0.00214407 0.0031502 0 192.493 585.086 200.497 0 
1 22 0 0 0 0 0.00197431 0.000677437 -0.00183891 0.0027818 0 192.493 585.086 200.497 0 
1 22 0 0 0 0 -9.64581e-05 9.57635e-05 9.75422e-05 0.0001673 0 192.493 585.086 200.497 0 
26 3
1 22 0 0 0 0 -0.00247585 0.00332664 -0.00230623 0.004745 0 326.935 534.322 90.6801 0 
1 22 0 0 0 0 -0.000304176 0.000509884 -0.000590962 0.0008377 0 326.935 534.322 90.6801 0 
1 22 0 0 0 0 0.000323499 -0.000133023 -0.000379354 0.000516 0 326.935 534.322 90.6801 0 
27 3
1 22 0 0 0 0 0.00259777 0.00344917 -0.00196719 0.004745 0 173.331 576.09 14.1573 0 
1 22 0 0 0 0 1.58283e-05 -0.000284145 -0.00115217 0.0011868 0 173.331 576.09 14.1573 0 
1 22 0 0 0 0 0.000144512 -6.482e-05 5.38888e-05 0.0001673 0 173.331 576.09 14.1573 0 
28 4
1 22 0 0 0 0 -0.000975777 0.000129395 0.00259114 0.0027718 0 164.849 365.947 245.038 0 
1 22 0 0 0 0 0.00219541 -0.000176844 -0.0017458 0.0028105 0 164.849 365.947 245.038 0 
1 22 0 0 0 0 0.000239342 0.000245474 -6.36389e-05 0.0003487 0 164.849 365.947 245.038 0 
1 22 0 0 0 0 -0.00012696 -7.18068e-05 8.19399e-05 0.0001673 0 164.849 365.947 245.038 0 
29 3
1 22 0 0 0 0 -0.0032329 -0.00295813 -0.00182012 0.004745 0 -74.2022 92.0913 17.7978 0 
1 22 0 0 0 0 -0.000168402 0.00116124 0.000177944 0.0011868 0 -74.2022 92.0913 17.7978 0 
1 22 0 0 0 0 1.86258e-06 8.42057e-05 -0.000144552 0.0001673 0 -74.2022 92.0913 17.7978 0 
30 3
1 22 0 0 0 0 -0.000143177 -0.000171396 -0.00276279 0.0027718 0 122.688 582.354 271.322 0 
1 22 0 0 0 0 -0.000704592 0.00172118 -0.00210713 0.0028105 0 122.688 582.354 271.322 0 
1 22 0 0 0 0 -0.000141605 -0.000429989 -0.000247615 0.000516 0 122.688 582.354 271.322 0 
31 3
1 22 0 0 0 0 -0.00391071 -0.00100527 -0.00249215 0.004745 0 274.189 499.679 630.09 0 
1 22 0 0 0 0 -0.000221999 -0.000122695 -0.00115938 0.0011868 0 274.189 499.679 630.09 0 
1 22 0 0 0 0 0.000153354 -5.2931e-05 4.08667e-05 0.0001673 0 274.189 499.679 630.09 0 
32 3
1 22 0 0 0 0 0.00178152 0.00259427 0.00355119 0.004745 0 -106.649 549.976 127.599 0 
1 22 0 0 0 0 -0.00115234 -0.000202871 0.000198604 0.0011868 0 -106.649 549.976 127.599 0 
1 22 0 0 0 0 -5.21282e-05 6.27141e-05 0.000146078 0.0001673 0 -106.649 549.976 127.599 0 
33 4
1 22 0 0 0 0 -0.00195083 0.00296192 0.00105559 0.0037004 0 -298.547 436.663 459.828 0 
1 22 0 0 0 0 0.000886462 2.51281e-05 -0.000551467 0.0010443 0 -298.547 436.663 459.828 0 
1 22 0 0 0 0 0.000844967 0.000789317 0.000267404 0.0011868 0 -298.547 436.663 459.828 0 
1 22 0 0 0 0 -8.00293e-05 -6.77284e-05 -0.000130374 0.0001673 0 -298.547 436.663 459.828 0 
34 3
1 22 0 0 0 0 -0.00457057 0.00119378 0.000447022 0.004745 0 212.755 585.306 532.035 0 
1 22 0 0 0 0 1.3346e-07 -0.000849566 -0.000828692 0.0011868 0 212.755 585.306 532.035 0 
1 22 0 0 0 0 -7.5771e-05 -3.64432e-05 -0.000144637 0.0001673 0 212.755 585.306 532.035 0 
35 2
1 22 0 0 0 0 0.00347054 0.00288034 0.00328903 0.005582 0 -223.374 588.235 332.928 0 
1 22 0 0 0 0 -0.000277746 -0.000337026 -0.00027482 0.000516 0 -223.374 588.235 332.928 0 
36 4
1 22 0 0 0 0 0.00207219 -0.000491124 6.84825e-05 0.0021307 0 334.176 565.955 208.081 0 
1 22 0 0 0 0 0.00226896 0.000512304 0.00119329 0.0026143 0 334.176 565.955 208.081 0 
1 22 0 0 0 0 -0.00117514 -5.56669e-05 0.000156357 0.0011868 0 334.176 565.955 208.081 0 
1 22 0 0 0 0 -0.000148875 -5.27787e-05 5.51353e-05 0.0001673 0 334.176 565.955 208.081 0 
37 3
1 22 0 0 0 0 0.000972286 -0.0024411 -0.00395104 0.004745 0 -146.529 372.168 2.42175 0 
1 22 0 0 0 0 0.000580169 0.000933432 -0.000447887 0.0011868 0 -146.529 372.168 2.42175 0 
1 22 0 0 0 0 -7.77492e-05 -3.75474e-06 0.000148089 0.0001673 0 -146.529 372.168 2.42175 0 
38 3
1 22 0 0 0 0 -0.00343972 -0.00246189 -0.00214999 0.004745 0 210.191 598.688 343.963 0 
1 22 0 0 0 0 -0.000286752 -0.000388067 -0.000684776 0.0008377 0 210.191 598.688 343.963 0 
1 22 0 0 0 0 -0.000149875 6.20427e-05 0.000489841 0.000516 0 210.191 598.688 343.963 0 
39 3
1 22 0 0 0 0 -0.00199946 0.00187178 -0.00387474 0.004745 0 145.479 557.419 151.343 0 
1 22 0 0 0 0 -0.000709587 0.000261432 -0.000914677 0.0011868 0 145.479 557.419 151.343 0 
1 22 0 0 0 0 0.000145748 3.32853e-05 7.50918e-05 0.0001673 0 145.479 557.419 151.343 0 
40 4
1 22 0 0 0 0 0.00109708 -0.000798525 -0.00164276 0.0021307 0 -267.768 490.138 136.992 0 
1 22 0 0 0 0 -0.000481229 0.00197139 -0.00164821 0.0026143 0 -267.768 490.138 136.992 0 
1 22 0 0 0 0 0.000294648 -0.000286749 0.00111331 0.0011868 0 -267.768 490.138 136.992 0 
1 22 0 0 0 0 -0.000114277 -8.43957e-05 -8.83602e-05 0.0001673 0 -267.768 490.138 136.992 0 
41 3
1 22 0 0 0 0 -0.00206908 0.00177291 0.00197542 0.0033655 0 -146.273 548.793 234.23 0 
1 22 0 0 0 0 -0.000145292 0.00165378 0.00195672 0.0025661 0 -146.273 548.793 234.23 0 
1 22 0 0 0 0 -5.13046e-05 0.000115211 -0.000109925 0.0001673 0 -146.273 548.793 234.23 0 
42 3
1 22 0 0 0 0 -0.00220241 0.00342144 -0.00244094 0.004745 0 -99.8835 589.407 237.566 0 
1 22 0 0 0 0 0.000429521 0.00106498 0.000299711 0.0011868 0 -99.8835 589.407 237.566 0 
1 22 0 0 0 0 0.000105928 4.72512e-05 -0.000120565 0.0001673 0 -99.8835 589.407 237.566 0 
43 4
1 22 0 0 0 0 0.000564424 0.00172693 -0.00209333 0.0027718 0 331.21 580.088 143.003 0 
1 22 0 0 0 0 -0.00123681 -0.000439786 -0.00147243 0.0019726 0 331.21 580.088 143.003 0 
1 22 0 0 0 0 0.000366784 9.49737e-05 -0.0011247 0.0011868 0 331.21 580.088 143.003 0 
1 22 0 0 0 0 -9.50322e-05 9.31547e-05 -0.000101392 0.0001673 0 331.21 580.088 143.003 0 
44 4
1 22 0 0 0 0 0.00114259 -0.00162663 -0.000767109 0.0021307 0 224.847 254.575 364.62 0 
1 22 0 0 0 0 0.00212606 -0.00147961 -0.000353853 0.0026143 0 224.847 254.575 364.62 0 
1 22 0 0 0 0 -0.00100965 0.000237974 -0.000576603 0.0011868 0 224.847 254.575 364.62 0 
1 22 0 0 0 0 -4.93973e-05 3.20018e-05 -0.000156605 0.0001673 0 224.847 254.575 364.62 0 
45 4
1 22 0 0 0 0 -0.00134728 -0.0033927 -0.000606095 0.0037004 0 241.85 575.43 89.4068 0 
1 22 0 0 0 0 -0.000899674 0.00048678 -0.000210224 0.0010443 0 241.85 575.43 89.4068 0 
1 22 0 0 0 0 -0.000771913 -0.00031831 -6.76069e-05 0.0008377 0 241.85 575.43 89.4068 0 
1 22 0 0 0 0 0.000317887 0.000211097 -0.000347336 0.000516 0 241.85 575.43 89.4068 0 
46 3
1 22 0 0 0 0 -0.000892201 -0.00385647 0.0026166 0.004745 0 319.366 553.623 373.36 0 
1 22 0 0 0 0 0.000341271 -0.000550212 -0.000531547 0.0008377 0 319.366 553.623 373.36 0 
1 22 0 0 0 0 -6.27831e-05 0.000413393 0.000302358 0.000516 0 319.366 553.623 373.36 0 
47 3
1 22 0 0 0 0 -0.00224174 0.00148866 -0.000664341 0.0027718 0 169.82 558.162 482.253 0 
1 22 0 0 0 0 0.00177841 -0.000829985 -0.00201179 0.0028105 0 169.82 558.162 482.253 0 
1 22 0 0 0 0 0.000121044 -0.000470863 0.000172894 0.000516 0 169.82 558.162 482.253 0 
48 3
1 22 0 0 0 0 0.00230497 -0.00183309 -0.00111834 0.0031502 0 339.422 293.439 21.0983 0 
1 22 0 0 0 0 0.000754816 0.00174779 0.00151411 0.0024325 0 339.422 293.439 21.0983 0 
1 22 0 0 0 0 5.00558e-05 -0.000199361 0.000473292 0.000516 0 339.422 293.439 21.0983 0 
49 3
1 22 0 0 0 0 0.00433274 0.00193317 7.25847e-05 0.004745 0 27.0008 590.602 412.519 0 
1 22 0 0 0 0 0.00108014 0.000246624 0.000425415 0.0011868 0 27.0008 590.602 412.519 0 
1 22 0 0 0 0 -0.000116573 -2.13591e-05 0.000118084 0.0001673 0 27.0008 590.602 412.519 0 
50 4
1 22 0 0 0 0 -0.00194482 0.00291617 0.00118598 0.0037004 0 171.339 580.054 178.846 0 
1 22 0 0 0 0 -0.000702768 -0.000550808 -0.000541562 0.0010443 0 171.339 580.054 178.846 0 
1 22 0 0 0 0 -1.30443e-05 0.0005962 -0.00102609 0.0011868 0 171.339 580.054 178.846 0 
1 22 0 0 0 0 0.000148865 6.84174e-05 -3.3874e-05 0.0001673 0 171.339 580.054 178.846 0 
51 4
1 22 0 0 0 0 0.000146271 -0.00101902 -0.00257354 0.0027718 0 72.431 553.915 368.094 0 
1 22 0 0 0 0 -0.000183328 -4.53286e-05 0.00196354 0.0019726 0 72.431 553.915 368.094 0 
1 22 0 0 0 0 0.000454288 -0.000229789 0.00107206 0.0011868 0 72.431 553.915 368.094 0 
1 22 0 0 0 0 3.17413e-05 0.000133659 9.54833e-05 0.0001673 0 72.431 553.915 368.094 0 
52 3
1 22 0 0 0 0 0.000603525 -0.00392536 0.0025966 0.004745 0 90.0751 546.253 104.78 0 
1 22 0 0 0 0 -0.000764441 -0.000191768 0.000887327 0.0011868 0 90.0751 546.253 104.78 0 
1 22 0 0 0 0 1.34119e-05 2.12357e-05 -0.000165404 0.0001673 0 90.0751 546.253 104.78 0 
53 4
1 22 0 0 0 0 0.00264878 -0.000353883 -0.000735955 0.0027718 0 294.7 583.698 575.156 0 
1 22 0 0 0 0 0.00033309 -0.000537349 -0.00273847 0.0028105 0 294.7 583.698 575.156 0 
1 22 0 0 0 0 0.000204738 0.000264416 9.87839e-05 0.0003487 0 294.7 583.698 575.156 0 
1 22 0 0 0 0 -3.89141e-05 0.000108859 -0.000120932 0.0001673 0 294.7 583.698 575.156 0 
54 3
1 22 0 0 0 0 0.00159911 0.00316029 0.0031576 0.004745 0 -135.462 564.472 417.945 0 
1 22 0 0 0 0 -0.000461921 0.000665237 0.000867516 0.0011868 0 -135.462 564.472 417.945 0 
1 22 0 0 0 0 8.54077e-05 -6.8952e-05 -0.000126255 0.0001673 0 -135.462 564.472 417.945 0 
55 4
1 22 0 0 0 0 -0.00211699 0.000241233 7.91093e-06 0.0021307 0 296.335 589.718 221.197 0 
1 22 0 0 0 0 7.24508e-05 0.000481211 0.00256861 0.0026143 0 296.335 589.718 221.197 0 
1 22 0 0 0 0 0.000638143 -0.000945102 0.000328708 0.0011868 0 296.335 589.718 221.197 0 
1 22 0 0 0 0 3.51422e-05 -4.99794e-05 0.000155745 0.0001673 0 296.335 589.718 221.197 0 
56 4
1 22 0 0 0 0 -0.00416836 0.00153881 0.0016649 0.004745 0 203.026 530.268 65.7181 0 
1 22 0 0 0 0 -9.39593e-05 -0.000697365 0.000454527 0.0008377 0 203.026 530.268 65.7181 0 
1 22 0 0 0 0 0.00029718 -0.000180567 2.59094e-05 0.0003487 0 203.026 530.268 65.7181 0 
1 22 0 0 0 0 4.808e-05 2.58261e-05 0.000158147 0.0001673 0 203.026 530.268 65.7181 0 
57 3
1 22 0 0 0 0 0.00116656 -0.00453475 -0.000768258 0.004745 0 299.638 574.193 273.425 0 
1 22 0 0 0 0 -0.000200293 0.00110919 -0.000371598 0.0011868 0 299.638 574.193 273.425 0 
1 22 0 0 0 0 0.000114813 -1.15137e-05 -0.000121139 0.0001673 0 299.638 574.193 273.425 0 
58 3
1 22 0 0 0 0 -0.00264059 -0.000553152 0.000635773 0.0027718 0 176.329 591.743 535.576 0 
1 22 0 0 0 0 -0.000378387 -0.000195247 -0.00277806 0.0028105 0 176.329 591.743 535.576 0 
1 22 0 0 0 0 -3.80557e-05 -1.53246e-05 -0.000514367 0.000516 0 176.329 591.743 535.576 0 
59 4
1 22 0 0 0 0 0.000594587 0.00067476 -0.00193159 0.0021307 0 87.1975 580.742 338.258 0 
1 22 0 0 0 0 -0.000430599 -0.00236228 0.00103382 0.0026143 0 87.1975 580.742 338.258 0 
1 22 0 0 0 0 -0.000587946 -0.000906649 0.000490715 0.0011868 0 87.1975 580.742 338.258 0 
1 22 0 0 0 0 7.06055e-05 1.47754e-05 0.00015095 0.0001673 0 87.1975 580.742 338.258 0 
60 3
1 22 0 0 0 0 0.000745619 -0.00340417 -0.00322035 0.004745 0 344.707 503.559 491.412 0 
1 22 0 0 0 0 0.000808739 -0.000675379 0.000546166 0.0011868 0 344.707 503.559 491.412 0 
1 22 0 0 0 0 -1.87331e-05 -5.15159e-05 -0.000158065 0.0001673 0 344.707 503.559 491.412 0 
61 3
1 22 0 0 0 0 -0.000722832 0.000327375 0.00265579 0.0027718 0 -66.2675 593.391 430.249 0 
1 22 0 0 0 0 0.000897941 0.00202252 -0.00173264 0.0028105 0 -66.2675 593.391 430.249 0 
1 22 0 0 0 0 5.42688e-05 0.000461407 0.000224532 0.000516 0 -66.2675 593.391 430.249 0 
62 4
1 22 0 0 0 0 -0.000871551 0.00350391 -0.00080992 0.0037004 0 130.982 414.119 447.281 0 
1 22 0 0 0 0 -0.000718347 -0.000262002 0.000711263 0.0010443 0 130.982 414.119 447.281 0 
1 22 0 0 0 0 0.00108026 0.000442758 -0.000213286 0.0011868 0 130.982 414.119 447.281 0 
1 22 0 0 0 0 -8.04182e-05 3.76654e-05 -0.000141787 0.0001673 0 130.982 414.119 447.281 0 
63 3
1 22 0 0 0 0 -0.000752858 -0.000117163 0.00468343 0.004745 0 116.907 571.685 208.11 0 
1 22 0 0 0 0 0.000586287 0.00100591 0.000230027 0.0011868 0 116.907 571.685 208.11 0 
1 22 0 0 0 0 -0.000154573 -6.39973e-05 8.6103e-07 0.0001673 0 116.907 571.685 208.11 0 
64 3
1 22 0 0 0 0 -0.00272005 -0.000628939 0.00187945 0.0033655 0 -46.8445 572.444 537.309 0 
1 22 0 0 0 0 -0.000257525 -0.00125077 -0.00222579 0.0025661 0 -46.8445 572.444 537.309 0 
1 22 0 0 0 0 0.000137573 8.36232e-05 -4.54983e-05 0.0001673 0 -46.8445 572.444 537.309 0 
65 3
1 22 0 0 0 0 0.000183945 0.0020785 -0.00182452 0.0027718 0 64.3553 515.769 497.397 0 
1 22 0 0 0 0 0.002185 0.000177424 -0.00175876 0.0028105 0 64.3553 515.769 497.397 0 
1 22 0 0 0 0 -0.000179868 0.000449625 0.000178159 0.000516 0 64.3553 515.769 497.397 0 
66 3
1 22 0 0 0 0 -0.000546066 0.000214963 -0.00555107 0.005582 0 67.457 112.532 216.715 0 
1 22 0 0 0 0 -0.000241517 0.000238482 7.99223e-05 0.0003487 0 67.457 112.532 216.715 0 
1 22 0 0 0 0 -0.00010085 -3.77454e-05 0.000128038 0.0001673 0 67.457 112.532 216.715 0 
67 3
1 22 0 0 0 0 0.00418718 0.000214695 0.00222181 0.004745 0 165.881 581.582 686.488 0 
1 22 0 0 0 0 -0.00109234 -0.000235226 0.000399953 0.0011868 0 165.881 581.582 686.488 0 
1 22 0 0 0 0 -8.03109e-06 -0.000152371 -6.86137e-05 0.0001673 0 165.881 581.582 686.488 0 
68 4
1 22 0 0 0 0 -0.000729068 -0.00109254 0.0016777 0.0021307 0 104.937 599.029 244.161 0 
1 22 0 0 0 0 -0.000581184 0.00240522 0.000843629 0.0026143 0 104.937 599.029 244.161 0 
1 22 0 0 0 0 -0.000733707 -0.000931873 4.22164e-05 0.0011868 0 104.937 599.029 244.161 0 
1 22 0 0 0 0 0.000130194 -0.000104733 -8.35567e-06 0.0001673 0 104.937 599.029 244.161 0 
69 3
1 22 0 0 0 0 0.00156773 0.00243656 -0.00375772 0.004745 0 29.0448 527.853 82.2665 0 
1 22 0 0 0 0 -0.00116398 -0.000181366 0.000144036 0.0011868 0 29.0448 527.853 82.2665 0 
1 22 0 0 0 0 0.000160998 -2.93403e-05 3.47586e-05 0.0001673 0 29.0448 527.853 82.2665 0 
70 3
1 22 0 0 0 0 0.00247 0.00320862 0.00247364 0.004745 0 -246.289 583.927 617.617 0 
1 22 0 0 0 0 7.93396e-05 4.35136e-05 0.00118335 0.0011868 0 -246.289 583.927 617.617 0 
1 22 0 0 0 0 -5.16627e-05 -0.000155337 -3.45076e-05 0.0001673 0 -246.289 583.927 617.617 0 
71 3
1 22 0 0 0 0 -0.00342982 0.00427258 -0.00106778 0.005582 0 -87.7388 514.439 261.987 0 
1 22 0 0 0 0 0.000118943 -6.01701e-05 -0.000322217 0.0003487 0 -87.7388 514.439 261.987 0 
1 22 0 0 0 0 -2.11418e-05 -0.000117885 0.000116814 0.0001673 0 -87.7388 514.439 261.987 0 
72 2
1 22 0 0 0 0 0.00341514 0.00436973 -0.000633282 0.005582 0 274.474 505.311 283.256 0 
1 22 0 0 0 0 0.000186398 -0.000481107 -6.91485e-06 0.000516 0 274.474 505.311 283.256 0 
73 3
1 22 0 0 0 0 -0.00124306 -0.000377237 0.00456372 0.004745 0 302.018 594.95 189.244 0 
1 22 0 0 0 0 -0.000333239 0.00108917 0.000333384 0.0011868 0 302.018 594.95 189.244 0 
1 22 0 0 0 0 -0.000131016 -9.1838e-05 -4.88869e-05 0.0001673 0 302.018 594.95 189.244 0 
74 3
1 22 0 0 0 0 0.0021799 -0.00127338 0.00401766 0.004745 0 131.144 580.71 375.653 0 
1 22 0 0 0 0 -0.00025541 -0.000766473 -0.00022142 0.0008377 0 131.144 580.71 375.653 0 
1 22 0 0 0 0 0.000442048 -0.000187886 -0.000188543 0.000516 0 131.144 580.71 375.653 0 
75 2
1 22 0 0 0 0 9.54318e-05 -0.00426417 0.0036009 0.005582 0 52.0126 397.324 600.079 0 
1 22 0 0 0 0 0.000359327 0.000184406 0.000321145 0.000516 0 52.0126 397.324 600.079 0 
76 3
1 22 0 0 0 0 -6.84674e-05 -0.000880927 0.00466201 0.004745 0 43.9634 556.408 663.779 0 
1 22 0 0 0 0 -0.00106245 0.000393336 -0.000353513 0.0011868 0 43.9634 556.408 663.779 0 
1 22 0 0 0 0 8.31713e-06 -7.47849e-05 0.000149423 0.0001673 0 43.9634 556.408 663.779 0 
77 3
1 22 0 0 0 0 -0.00387644 -0.00128917 -0.00241377 0.004745 0 89.6218 593.459 266.119 0 
1 22 0 0 0 0 -0.000817037 -0.000178532 4.81414e-05 0.0008377 0 89.6218 593.459 266.119 0 
1 22 0 0 0 0 0.000126017 0.000373913 0.000332512 0.000516 0 89.6218 593.459 266.119 0 
78 4
1 22 0 0 0 0 0.000914378 0.00238929 0.00106681 0.0027718 0 -45.2628 418.175 247.304 0 
1 22 0 0 0 0 -0.000705765 -0.00153557 -0.00101738 0.0019726 0 -45.2628 418.175 247.304 0 
1 22 0 0 0 0 -0.00116416 0.000202817 0.000109982 0.0011868 0 -45.2628 418.175 247.304 0 
1 22 0 0 0 0 3.24324e-06 0.000167225 -3.82175e-06 0.0001673 0 -45.2628 418.175 247.304 0 
79 3
1 22 0 0 0 0 -0.00409974 0.00192074 -0.00142055 0.004745 0 222.174 539.053 308.029 0 
1 22 0 0 0 0 -0.000759279 0.000833065 -0.000371473 0.0011868 0 222.174 539.053 308.029 0 
1 22 0 0 0 0 -5.61966e-05 -7.79225e-05 -0.000136965 0.0001673 0 222.174 539.053 308.029 0 
80 3
1 22 0 0 0 0 0.00522584 -0.000320951 0.00193553 0.005582 0 64.5436 588.592 306.643 0 
1 22 0 0 0 0 -0.000279979 0.000197355 -6.52248e-05 0.0003487 0 64.5436 588.592 306.643 0 
1 22 0 0 0 0 0.000108196 -0.00012273 3.49332e-05 0.0001673 0 64.5436 588.592 306.643 0 
81 4
1 22 0 0 0 0 0.000412031 0.00207451 -0.00179151 0.0027718 0 334.05 498.55 131.323 0 
1 22 0 0 0 0 -0.00152716 0.000819192 -0.000942258 0.0019726 0 334.05 498.55 131.323 0 
1 22 0 0 0 0 0.000874714 0.000498098 -0.000628704 0.0011868 0 334.05 498.55 131.323 0 
1 22 0 0 0 0 0.000124124 3.29973e-05 0.000107209 0.0001673 0 334.05 498.55 131.323 0 
82 2
1 22 0 0 0 0 0.00267245 0.00379514 -0.0031006 0.005582 0 147.493 542.09 395.835 0 
1 22 0 0 0 0 8.07438e-05 0.000416472 0.000293748 0.000516 0 147.493 542.09 395.835 0 
83 3
1 22 0 0 0 0 0.00269298 0.00389967 0.000235488 0.004745 0 170.43 582.024 78.8694 0 
1 22 0 0 0 0 0.000842256 0.000157164 0.000821218 0.0011868 0 170.43 582.024 78.8694 0 
1 22 0 0 0 0 6.00195e-06 -0.000154166 -6.46995e-05 0.0001673 0 170.43 582.024 78.8694 0 
84 3
1 22 0 0 0 0 0.00173442 -0.00220225 0.00382844 0.004745 0 204.478 509.782 414.28 0 
1 22 0 0 0 0 -0.000139119 0.000305243 0.00113841 0.0011868 0 204.478 509.782 414.28 0 
1 22 0 0 0 0 -0.000165147 1.41594e-05 2.26961e-05 0.0001673 0 204.478 509.782 414.28 0 
85 3
1 22 0 0 0 0 0.000805452 0.0015577 -0.00214656 0.0027718 0 -221.12 592.391 353.309 0 
1 22 0 0 0 0 -0.00260988 -0.000734281 -0.000740438 0.0028105 0 -221.12 592.391 353.309 0 
1 22 0 0 0 0 -4.42217e-05 -0.000513131 -3.15819e-05 0.000516 0 -221.12 592.391 353.309 0 
86 3
1 22 0 0 0 0 0.00157844 -0.00438949 0.000869424 0.004745 0 153.636 590.837 434.671 0 
1 22 0 0 0 0 0.000280246 0.000879411 -0.000746051 0.0011868 0 153.636 590.837 434.671 0 
1 22 0 0 0 0 -0.000154631 -6.29532e-05 1.07501e-05 0.0001673 0 153.636 590.837 434.671 0 
87 4
1 22 0 0 0 0 0.00216806 -0.00244793 -0.00173207 0.0037004 0 -38.9505 570.211 181.078 0 
1 22 0 0 0 0 0.000336682 -0.000513999 0.000844401 0.0010443 0 -38.9505 570.211 181.078 0 
1 22 0 0 0 0 -0.00101386 0.000253397 0.000562461 0.0011868 0 -38.9505 570.211 181.078 0 
1 22 0 0 0 0 0.000119433 -1.54883e-05 -0.000116126 0.0001673 0 -38.9505 570.211 181.078 0 
88 3
1 22 0 0 0 0 0.00305673 -0.000278841 -0.00361852 0.004745 0 131.235 526.547 222.604 0 
1 22 0 0 0 0 0.000262069 -0.00114251 0.000185713 0.0011868 0 131.235 526.547 222.604 0 
1 22 0 0 0 0 1.52053e-05 -0.000109725 -0.000125373 0.0001673 0 131.235 526.547 222.604 0 
89 3
1 22 0 0 0 0 0.000279846 0.0024003 0.00202089 0.0031502 0 296.283 535.577 685.618 0 
1 22 0 0 0 0 0.000276116 0.00272221 0.000501735 0.0027818 0 296.283 535.577 685.618 0 
1 22 0 0 0 0 4.09648e-05 -0.000159259 -3.07875e-05 0.0001673 0 296.283 535.577 685.618 0 
90 3
1 22 0 0 0 0 0.000670278 -0.00270112 -0.00189242 0.0033655 0 -34.4173 494.842 50.7457 0 
1 22 0 0 0 0 -0.00192989 -0.00143281 0.000898588 0.0025661 0 -34.4173 494.842 50.7457 0 
1 22 0 0 0 0 1.28761e-05 -0.00016364 3.23316e-05 0.0001673 0 -34.4173 494.842 50.7457 0 
91 3
1 22 0 0 0 0 -0.00358711 -0.00292973 0.00103168 0.004745 0 205.19 539.221 118.14 0 
1 22 0 0 0 0 -0.000344311 -0.000671236 -0.000364189 0.0008377 0 205.19 539.221 118.14 0 
1 22 0 0 0 0 3.65555e-05 0.000208698 -0.000470494 0.000516 0 205.19 539.221 118.14 0 
92 3
1 22 0 0 0 0 0.00364358 0.00274179 -0.00131223 0.004745 0 -15.8305 577.875 499.413 0 
1 22 0 0 0 0 -3.48645e-05 -0.000959372 -0.000697771 0.0011868 0 -15.8305 577.875 499.413 0 
1 22 0 0 0 0 -0.000108711 -0.000125538 2.02835e-05 0.0001673 0 -15.8305 577.875 499.413 0 
93 3
1 22 0 0 0 0 0.00253022 -0.00398002 0.000521986 0.004745 0 128.089 573.021 11.1802 0 
1 22 0 0 0 0 -0.00106459 0.000508576 0.000128462 0.0011868 0 128.089 573.021 11.1802 0 
1 22 0 0 0 0 0.000122716 -9.8439e-05 5.69205e-05 0.0001673 0 128.089 573.021 11.1802 0 
94 3
1 22 0 0 0 0 -4.45034e-05 0.00315957 0.0035398 0.004745 0 284.141 593.424 579.333 0 
1 22 0 0 0 0 0.00107159 0.000178287 -0.000477924 0.0011868 0 284.141 593.424 579.333 0 
1 22 0 0 0 0 -8.98948e-05 0.000104507 -9.47975e-05 0.0001673 0 284.141 593.424 579.333 0 
95 4
1 22 0 0 0 0 6.17443e-05 5.20648e-05 -0.00369952 0.0037004 0 272.653 484.856 151.117 0 
1 22 0 0 0 0 0.000860869 -0.000313058 0.000501459 0.0010443 0 272.653 484.856 151.117 0 
1 22 0 0 0 0 -9.47166e-05 -0.0011609 -0.000227688 0.0011868 0 272.653 484.856 151.117 0 
1 22 0 0 0 0 7.86115e-05 0.000112478 9.56986e-05 0.0001673 0 272.653 484.856 151.117 0 
96 3
1 22 0 0 0 0 -0.000820243 -0.00149993 -0.00264598 0.0031502 0 24.5558 571.188 122.927 0 
1 22 0 0 0 0 -0.00144704 -0.00226528 0.000716217 0.0027818 0 24.5558 571.188 122.927 0 
1 22 0 0 0 0 -3.36679e-05 -0.000112064 -0.000119571 0.0001673 0 24.5558 571.188 122.927 0 
97 3
1 22 0 0 0 0 -0.00410413 -0.00168124 -0.00168659 0.004745 0 -108.665 537.564 304.809 0 
1 22 0 0 0 0 -0.000511856 -0.0010298 -0.00029329 0.0011868 0 -108.665 537.564 304.809 0 
1 22 0 0 0 0 -0.000109357 -0.000117589 4.69385e-05 0.0001673 0 -108.665 537.564 304.809 0 
98 3
1 22 0 0 0 0 -0.00255392 0.00180427 0.00038194 0.0031502 0 217.85 234.978 327.088 0 
1 22 0 0 0 0 0.00133701 0.000937587 -0.00225205 0.0027818 0 217.85 234.978 327.088 0 
1 22 0 0 0 0 0.000121547 0.000114603 -9.04351e-06 0.0001673 0 217.85 234.978 327.088 0 
99 3
1 22 0 0 0 0 -0.00301262 -0.00328779 0.00162159 0.004745 0 77.7444 549.205 464.319 0 
1 22 0 0 0 0 -2.92194e-05 0.00116171 -0.000240963 0.0011868 0 77.7444 549.205 464.319 0 
1 22 0 0 0 0 4.18519e-05 0.000157867 3.62722e-05 0.0001673 0 77.7444 549.205 464.319 0 
