0 3
1 22 0 0 0 0 0.00160944 -0.00212206 0.00392703 0.004745 0 -233.853 570.874 236.704 0 
1 22 0 0 0 0 -0.000288469 0.000464877 0.00105317 0.0011868 0 -233.853 570.874 236.704 0 
1 22 0 0 0 0 -8.66556e-05 -0.000116642 8.29135e-05 0.0001673 0 -233.853 570.874 236.704 0 
1 3
1 22 0 0 0 0 -0.00226704 -0.00266546 -0.00320481 0.004745 0 56.2476 569.262 328.172 0 
1 22 0 0 0 0 0.000287935 0.00105251 -0.000466694 0.0011868 0 56.2476 569.262 328.172 0 
1 22 0 0 0 0 6.80485e-05 0.000152481 -1.03972e-05 0.0001673 0 56.2476 569.262 328.172 0 
2 3
1 22 0 0 0 0 0.00404133 0.00213789 0.00126969 0.004745 0 122.452 386.272 33.994 0 
1 22 0 0 0 0 -0.000592591 0.000493891 0.00032657 0.0008377 0 122.452 386.272 33.994 0 
1 22 0 0 0 0 0.000413839 0.000298425 7.70412e-05 0.000516 0 122.452 386.272 33.994 0 
3 3
1 22 0 0 0 0 0.00240433 0.000566242 0.00125755 0.0027718 0 26.6934 577.501 307.213 0 
1 22 0 0 0 0 -0.00228962 -0.00123299 0.00106598 0.0028105 0 26.6934 577.501 307.213 0 
1 22 0 0 0 0 0.000190077 -0.000307483 0.000368213 0.000516 0 26.6934 577.501 307.213 0 
4 2
1 22 0 0 0 0 0.00176891 0.0052007 0.000991154 0.005582 0 66.0522 542.392 25.1857 0 
1 22 0 0 0 0 -0.000283531 -0.00042237 -8.64282e-05 0.000516 0 66.0522 542.392 25.1857 0 
5 3
1 22 0 0 0 0 0.00185407 -0.00205475 -0.000152717 0.0027718 0 216.935 517.065 66.3734 0 
1 22 0 0 0 0 -0.00208045 -0.000528332 -0.00181425 0.0028105 0 216.935 517.065 66.3734 0 
1 22 0 0 0 0 -0.000273817 -0.000424739 0.000104291 0.000516 0 216.935 517.065 66.3734 0 
6 3
1 22 0 0 0 0 0.000660888 0.00305976 -0.000353322 0.0031502 0 213.683 570.203 349.97 0 
1 22 0 0 0 0 0.000195483 -0.00231719 0.0015267 0.0027818 0 213.683 570.203 349.97 0 
1 22 0 0 0 0 -2.58631e-05 0.00013535 -9.48724e-05 0.0001673 0 213.683 570.203 349.97 0 
7 3
1 22 0 0 0 0 -0.000756744 0.00447229 0.00139318 0.004745 0 312.601 414.041 5.57804 0 
1 22 0 0 0 0 -0.000398609 -0.000128822 0.00111041 0.0011868 0 312.601 414.041 5.57804 0 
1 22 0 0 0 0 0.000144544 1.87309e-05 8.21309e-05 0.0001673 0 312.601 414.041 5.57804 0 
8 3
1 22 0 0 0 0 0.0035113 -0.000736091 0.00310548 0.004745 0 65.1455 579.172 546.288 0 
1 22 0 0 0 0 0.00079427 0.00079438 -0.00038287 0.0011868 0 65.1455 579.172 546.288 0 
1 22 0 0 0 0 0.000121242 -0.000115181 4.79499e-06 0.0001673 0 65.1455 579.172 546.288 0 
9 2
1 22 0 0 0 0 0.00287929 -0.00457611 -0.00138839 0.005582 0 -338.812 81.9137 275.864 0 
1 22 0 0 0 0 -0.000141978 0.000254855 0.000425614 0.000516 0 -338.812 81.9137 275.864 0 
10 3
1 22 0 0 0 0 -0.00139337 -0.00207807 0.00403177 0.004745 0 -323.541 585.161 183.262 0 
1 22 0 0 0 0 0.000794049 -0.000152042 0.00021934 0.0008377 0 -323.541 585.161 183.262 0 
1 22 0 0 0 0 -0.000504305 5.34673e-05 9.52537e-05 0.000516 0 -323.541 585.161 183.262 0 
11 2
1 22 0 0 0 0 -0.000605511 0.00516249 -0.00203489 0.005582 0 311.667 413.36 555.866 0 
1 22 0 0 0 0 0.000205146 0.000448277 0.000152377 0.000516 0 311.667 413.36 555.866 0 
12 3
1 22 0 0 0 0 0.000413377 -0.00467128 0.000723413 0.004745 0 -186.254 372.682 189.79 0 
1 22 0 0 0 0 0.000707965 0.000132851 0.000943202 0.0011868 0 -186.254 372.682 189.79 0 
1 22 0 0 0 0 6.94205e-05 0.000145151 4.58411e-05 0.0001673 0 -186.254 372.682 189.79 0 
13 2
1 22 0 0 0 0 -0.00555384 0.000547732 0.000116395 0.005582 0 -172.206 544.218 354.489 0 
1 22 0 0 0 0 -0.000511155 4.67894e-06 -7.03904e-05 0.000516 0 -172.206 544.218 354.489 0 
14 3
1 22 0 0 0 0 0.00361258 0.00241107 0.00191076 0.004745 0 -29.6203 581.373 204.63 0 
1 22 0 0 0 0 0.00105683 -7.69591e-05 -0.000534484 0.0011868 0 -29.6203 581.373 204.63 0 
1 22 0 0 0 0 3.70622e-05 9.90967e-05 0.000129598 0.0001673 0 -29.6203 581.373 204.63 0 
15 2
1 22 0 0 0 0 -0.00378025 0.00128316 0.00390153 0.005582 0 130.131 547.054 583.11 0 
1 22 0 0 0 0 0.000334713 -0.000291796 -0.000262827 0.000516 0 130.131 547.054 583.11 0 
16 3
1 22 0 0 0 0 -0.000844921 0.00309386 -0.00102017 0.0033655 0 216.693 593.436 141.291 0 
1 22 0 0 0 0 -0.00218588 5.27184e-06 -0.00134415 0.0025661 0 216.693 593.436 141.291 0 
1 22 0 0 0 0 -4.0925e-05 -0.000159622 -2.8903e-05 0.0001673 0 216.693 593.436 141.291 0 
17 4
1 22 0 0 0 0 0.00215394 0.00154186 -0.00258383 0.0037004 0 24.6681 551.827 11.2134 0 
1 22 0 0 0 0 0.000825192 -0.000304852 -0.000562749 0.0010443 0 24.6681 551.827 11.2134 0 
1 22 0 0 0 0 -0.00114133 -0.000235329 -0.000224691 0.0011868 0 24.6681 551.827 11.2134 0 
1 22 0 0 0 0 8.10041e-05 -0.000137956 4.89459e-05 0.0001673 0 24.6681 551.827 11.2134 0 
18 3
1 22 0 0 0 0 -0.000154554 -0.000857138 0.00466438 0.004745 0 -111.975 556.964 245.507 0 
1 22 0 0 0 0 -0.000108566 -0.000120675 0.00117565 0.0011868 0 -111.975 556.964 245.507 0 
1 22 0 0 0 0 8.7883e-05 9.28816e-06 0.000142055 0.0001673 0 -111.975 556.964 245.507 0 
19 3
1 22 0 0 0 0 0.00237201 -0.00313362 -0.00265876 0.004745 0 -22.1059 563.148 667.297 0 
1 22 0 0 0 0 0.00075832 -0.000907945 -9.52953e-05 0.0011868 0 -22.1059 563.148 667.297 0 
1 22 0 0 0 0 -0.000149891 -4.34886e-05 -6.02552e-05 0.0001673 0 -22.1059 563.148 667.297 0 
20 3
1 22 0 0 0 0 -0.00324734 0.00126999 0.0012389 0.0037004 0 202.708 494.874 220.229 0 
1 22 0 0 0 0 0.00186294 0.000122388 0.00023351 0.0018815 0 202.708 494.874 220.229 0 
1 22 0 0 0 0 0.000102266 -0.000163951 0.000478453 0.000516 0 202.708 494.874 220.229 0 
21 4
1 22 0 0 0 0 0.00313057 -0.00188449 0.00058409 0.0037004 0 66.5289 573.739 223.275 0 
1 22 0 0 0 0 -0.000349024 -0.000315589 0.000932281 0.0010443 0 66.5289 573.739 223.275 0 
1 22 0 0 0 0 0.000141773 0.00104144 -0.00055118 0.0011868 0 66.5289 573.739 223.275 0 
1 22 0 0 0 0 -0.000166044 -2.04619e-05 2.45686e-07 0.0001673 0 66.5289 573.739 223.275 0 
22 4
1 22 0 0 0 0 -0.00242934 -0.00279129 1.25554e-06 0.0037004 0 163.287 586.691 489.917 0 
1 22 0 0 0 0 0.0003406 -0.000710846 -0.00068502 0.0010443 0 163.287 586.691 489.917 0 
1 22 0 0 0 0 -0.000270957 0.00113311 0.000226113 0.0011868 0 163.287 586.691 489.917 0 
1 22 0 0 0 0 -8.22957e-05 -9.23667e-05 -0.000112628 0.0001673 0 163.287 586.691 489.917 0 
23 4
1 22 0 0 0 0 0.00302272 -0.000524675 0.00206902 0.0037004 0 191.604 442.117 169.409 0 
1 22 0 0 0 0 -0.000559205 0.000820594 -0.000323231 0.0010443 0 191.604 442.117 169.409 0 
1 22 0 0 0 0 0.000833321 -0.000799155 -0.00027463 0.0011868 0 191.604 442.117 169.409 0 
1 22 0 0 0 0 -9.2532e-06 0.000140373 -9.05483e-05 0.0001673 0 191.604 442.117 169.409 0 
24 3
1 22 0 0 0 0 -0.00116214 -0.000453236 0.0045781 0.004745 0 211.789 540.213 104.044 0 
1 22 0 0 0 0 0.000984033 -0.000481081 -0.000456874 0.0011868 0 211.789 540.213 104.044 0 
1 22 0 0 0 0 5.69809e-05 -0.000120541 0.000101057 0.0001673 0 211.789 540.213 104.044 0 
25 3
1 22 0 0 0 0 -0.00206505 0.00373935 -0.00206587 0.004745 0 49.6246 517.177 115.969 0 
1 22 0 0 0 0 0.001173 0.000136134 -0.000118486 0.0011868 0 49.6246 517.177 115.969 0 
1 22 0 0 0 0 -4.91e-05 0.000135198 8.544e-05 0.0001673 0 49.6246 517.177 115.969 0 
26 3
1 22 0 0 0 0 -0.00215936 -0.00300045 0.000165624 0.0037004 0 229.412 505.992 504.751 0 
1 22 0 0 0 0 -7.19811e-06 -5.13923e-05 0.00188078 0.0018815 0 229.412 505.992 504.751 0 
1 22 0 0 0 0 0.000296479 0.00033926 0.000251514 0.000516 0 229.412 505.992 504.751 0 
27 3
1 22 0 0 0 0 0.00328729 0.00260674 -0.00221667 0.004745 0 266.94 589.269 197.486 0 
1 22 0 0 0 0 0.000841799 -0.000266276 0.000793074 0.0011868 0 266.94 589.269 197.486 0 
1 22 0 0 0 0 8.75736e-05 0.000139994 2.68684e-05 0.0001673 0 266.94 589.269 197.486 0 
28 3
1 22 0 0 0 0 -0.00332527 0.00338375 -8.87648e-05 0.004745 0 111.013 592.794 53.533 0 
1 22 0 0 0 0 0.000789413 0.000337495 -0.000819402 0.0011868 0 111.013 592.794 53.533 0 
1 22 0 0 0 0 0.000137193 7.71285e-05 5.67318e-05 0.0001673 0 111.013 592.794 53.533 0 
29 3
1 22 0 0 0 0 0.00467608 0.000201692 -0.000780165 0.004745 0 -51.7359 564.002 173.351 0 
1 22 0 0 0 0 0.000340584 0.000696155 -0.000898813 0.0011868 0 -51.7359 564.002 173.351 0 
1 22 0 0 0 0 6.34544e-05 -0.000151367 -3.24162e-05 0.0001673 0 -51.7359 564.002 173.351 0 
30 3
1 22 0 0 0 0 0.00120765 0.00190961 0.00219517 0.0031502 0 326.672 562.465 275.804 0 
1 22 0 0 0 0 0.00265099 -0.000190077 0.000821287 0.0027818 0 326.672 562.465 275.804 0 
1 22 0 0 0 0 0.000121538 -5.52382e-05 0.000100829 0.0001673 0 326.672 562.465 275.804 0 
31 3
1 22 0 0 0 0 0.00193709 0.00191452 -0.00197709 0.0033655 0 231.126 559.977 104.761 0 
1 22 0 0 0 0 -0.00183351 -0.0002171 0.00178212 0.0025661 0 231.126 559.977 104.761 0 
1 22 0 0 0 0 2.03087e-05 -0.000164968 -1.90351e-05 0.0001673 0 231.126 559.977 104.761 0 
32 3
1 22 0 0 0 0 -0.0029821 0.00368028 -0.000278642 0.004745 0 146.482 593.578 197.854 0 
1 22 0 0 0 0 -0.000263327 -0.00111525 -0.000308807 0.0011868 0 146.482 593.578 197.854 0 
1 22 0 0 0 0 -6.74381e-05 -8.63137e-05 0.000126457 0.0001673 0 146.482 593.578 197.854 0 
33 3
1 22 0 0 0 0 0.00202758 -0.000592479 0.000278897 0.0021307 0 154.119 447.044 187.567 0 
1 22 0 0 0 0 -0.00254099 -0.00231912 0.000282778 0.0034518 0 154.119 447.044 187.567 0 
1 22 0 0 0 0 6.05362e-05 0.000168696 -0.000483873 0.000516 0 154.119 447.044 187.567 0 
34 3
1 22 0 0 0 0 -0.00372766 -0.00275827 -0.00100575 0.004745 0 202.473 589.107 120.42 0 
1 22 0 0 0 0 -0.000729806 0.000160436 -0.000922029 0.0011868 0 202.473 589.107 120.42 0 
1 22 0 0 0 0 2.63762e-05 -0.000145007 -7.91612e-05 0.0001673 0 202.473 589.107 120.42 0 
35 3
1 22 0 0 0 0 -0.000909929 0.00210501 -0.00155687 0.0027718 0 152.403 583.393 127.804 0 
1 22 0 0 0 0 -0.00184792 -0.000962506 -0.00188619 0.0028105 0 152.403 583.393 127.804 0 
1 22 0 0 0 0 4.46326e-05 0.000356158 -0.000370696 0.000516 0 152.403 583.393 127.804 0 
36 3
1 22 0 0 0 0 -0.000654853 -0.0020137 0.000236737 0.0021307 0 128.666 567.154 196.596 0 
1 22 0 0 0 0 0.000546164 -0.000147466 0.00255236 0.0026143 0 128.666 567.154 196.596 0 
1 22 0 0 0 0 -0.000546544 -0.000845753 0.000905156 0.001354 0 128.666 567.154 196.596 0 
37 3
1 22 0 0 0 0 -0.00280047 -0.00128981 0.00064614 0.0031502 0 242.077 580.751 201.212 0 
1 22 0 0 0 0 0.00221465 0.00146823 -0.00082345 0.0027818 0 242.077 580.751 201.212 0 
1 22 0 0 0 0 0.000120276 -3.95019e-05 0.000109374 0.0001673 0 242.077 580.751 201.212 0 
38 3
1 22 0 0 0 0 0.00151404 -0.0029545 0.00339023 0.004745 0 -14.3536 562.102 231.535 0 
1 22 0 0 0 0 -2.67885e-05 -0.00116986 -0.000198004 0.0011868 0 -14.3536 562.102 231.535 0 
1 22 0 0 0 0 -8.63569e-05 6.29384e-05 0.000128727 0.0001673 0 -14.3536 562.102 231.535 0 
39 2
1 22 0 0 0 0 0.00521692 0.00196963 -0.000251072 0.005582 0 236.3 504.523 99.3237 0 
1 22 0 0 0 0 0.000340707 -1.47405e-05 -0.000387244 0.000516 0 236.3 504.523 99.3237 0 
40 3
1 22 0 0 0 0 -0.00269122 -0.00214236 0.00326843 0.004745 0 345.495 336.042 527.056 0 
1 22 0 0 0 0 0.000663433 -0.000315308 0.000932165 0.0011868 0 345.495 336.042 527.056 0 
1 22 0 0 0 0 0.000124955 -6.3261e-06 0.000111065 0.0001673 0 345.495 336.042 527.056 0 
41 2
1 22 0 0 0 0 0.00165726 -0.00416831 0.00332226 0.005582 0 182.492 528.823 390.75 0 
1 22 0 0 0 0 5.44617e-05 0.000466501 0.000213698 0.000516 0 182.492 528.823 390.75 0 
42 3
1 22 0 0 0 0 -0.00146533 0.000958068 -0.00441021 0.004745 0 289.335 322.513 155.357 0 
1 22 0 0 0 0 -0.000789203 0.000475039 0.000748326 0.0011868 0 289.335 322.513 155.357 0 
1 22 0 0 0 0 4.43663e-07 0.0001389 -9.32511e-05 0.0001673 0 289.335 322.513 155.357 0 
43 3
1 22 0 0 0 0 0.00254091 -0.00398933 0.000379509 0.004745 0 130.087 311.747 369.559 0 
1 22 0 0 0 0 0.000167883 -0.00116123 -0.000178474 0.0011868 0 130.087 311.747 369.559 0 
1 22 0 0 0 0 -0.000108277 -8.60988e-05 -9.40868e-05 0.0001673 0 130.087 311.747 369.559 0 
44 3
1 22 0 0 0 0 -0.00150345 -0.00340537 0.00294246 0.004745 0 347.479 504.447 258.978 0 
1 22 0 0 0 0 -0.000330273 -0.000493427 -0.000590924 0.0008377 0 347.479 504.447 258.978 0 
1 22 0 0 0 0 -0.000243968 0.000324214 0.000318781 0.000516 0 347.479 504.447 258.978 0 
45 2
1 22 0 0 0 0 -0.000824568 -0.00456504 -0.00099777 0.004745 0 50.4158 582.818 283.16 0 
1 22 0 0 0 0 -0.000578008 0.00118321 -0.000315015 0.001354 0 50.4158 582.818 283.16 0 
46 3
1 22 0 0 0 0 -0.00280044 0.00236244 -0.0030152 0.004745 0 202.337 584.42 312.485 0 
1 22 0 0 0 0 -1.75519e-05 0.00107629 -0.000499783 0.0011868 0 202.337 584.42 312.485 0 
1 22 0 0 0 0 0.000118187 -0.000118103 8.5435e-06 0.0001673 0 202.337 584.42 312.485 0 
47 4
1 22 0 0 0 0 -0.00300137 -0.00200649 -0.000811638 0.0037004 0 -73.1607 574.006 396.262 0 
1 22 0 0 0 0 -0.000176605 0.000744258 -0.000710952 0.0010443 0 -73.1607 574.006 396.262 0 
1 22 0 0 0 0 -0.000707728 0.000828384 -0.000470526 0.0011868 0 -73.1607 574.006 396.262 0 
1 22 0 0 0 0 -6.14323e-05 -0.000117545 -0.000101974 0.0001673 0 -73.1607 574.006 396.262 0 
48 2
1 22 0 0 0 0 -0.00521365 -0.0014833 -0.00133281 0.005582 0 35.2316 555.282 281.631 0 
1 22 0 0 0 0 0.000445691 0.000203944 -0.000161314 0.000516 0 35.2316 555.282 281.631 0 
49 3
1 22 0 0 0 0 0.00238746 0.00261323 -0.00316008 0.004745 0 124.311 576.328 270.545 0 
1 22 0 0 0 0 0.000256649 -0.000797414 1.72628e-06 0.0008377 0 124.311 576.328 270.545 0 
1 22 0 0 0 0 0.000274482 0.000416272 -0.000132791 0.000516 0 124.311 576.328 270.545 0 
50 4
1 22 0 0 0 0 -0.00111976 0.0033274 -0.00116941 0.0037004 0 164.832 551.26 128.024 0 
1 22 0 0 0 0 0.000765657 -0.000316659 0.000635656 0.0010443 0 164.832 551.26 128.024 0 
1 22 0 0 0 0 0.000455379 0.000610657 -0.000348525 0.0008377 0 164.832 551.26 128.024 0 
1 22 0 0 0 0 -9.09345e-05 -0.000457128 0.000221406 0.000516 0 164.832 551.26 128.024 0 
51 4
1 22 0 0 0 0 -0.000227881 -0.00314949 -0.00192919 0.0037004 0 -224.026 580.027 11.1805 0 
1 22 0 0 0 0 -0.000714146 -0.00076185 1.19302e-05 0.0010443 0 -224.026 580.027 11.1805 0 
1 22 0 0 0 0 0.000431956 0.00107992 0.000235983 0.0011868 0 -224.026 580.027 11.1805 0 
1 22 0 0 0 0 0.000130763 6.66509e-05 -8.02986e-05 0.0001673 0 -224.026 580.027 11.1805 0 
52 3
1 22 0 0 0 0 -0.00260067 -0.0021154 -0.000296951 0.0033655 0 47.6121 599.777 54.0381 0 
1 22 0 0 0 0 0.00099787 -0.00124996 -0.00200667 0.0025661 0 47.6121 599.777 54.0381 0 
1 22 0 0 0 0 0.000113371 -9.10198e-06 0.000122693 0.0001673 0 47.6121 599.777 54.0381 0 
53 3
1 22 0 0 0 0 -0.000782676 -0.00436228 0.00339362 0.005582 0 207.931 526.971 421.03 0 
1 22 0 0 0 0 0.000329226 1.74953e-05 0.00011356 0.0003487 0 207.931 526.971 421.03 0 
1 22 0 0 0 0 -0.000161344 -1.08699e-05 -4.28861e-05 0.0001673 0 207.931 526.971 421.03 0 
54 2
1 22 0 0 0 0 0.00342138 -0.00325241 -0.000480665 0.004745 0 205.651 572.376 163.495 0 
1 22 0 0 0 0 -7.06776e-05 0.00123971 0.000539844 0.001354 0 205.651 572.376 163.495 0 
55 3
1 22 0 0 0 0 0.00334093 0.00303153 0.00147072 0.004745 0 1.58685 559.753 139.565 0 
1 22 0 0 0 0 -0.000309069 -0.000269393 0.00111373 0.0011868 0 1.58685 559.753 139.565 0 
1 22 0 0 0 0 2.5937e-06 6.37759e-05 -0.000154645 0.0001673 0 1.58685 559.753 139.565 0 
56 4
1 22 0 0 0 0 0.000861839 -0.0021032 0.00292006 0.0037004 0 61.3783 476.626 329.012 0 
1 22 0 0 0 0 0.000923549 0.000161986 -0.000459761 0.0010443 0 61.3783 476.626 329.012 0 
1 22 0 0 0 0 -0.00108092 -5.375e-05 -0.000487056 0.0011868 0 61.3783 476.626 329.012 0 
1 22 0 0 0 0 0.000122502 0.00011072 2.69016e-05 0.0001673 0 61.3783 476.626 329.012 0 
57 3
1 22 0 0 0 0 -0.0035987 0.00230535 -0.00206148 0.004745 0 192.545 553.289 674.446 0 
1 22 0 0 0 0 0.000475067 -0.00106118 0.000238137 0.0011868 0 192.545 553.289 674.446 0 
1 22 0 0 0 0 -0.000111627 -0.000119558 -3.51352e-05 0.0001673 0 192.545 553.289 674.446 0 
58 2
1 22 0 0 0 0 -0.00515573 0.00210212 0.000397768 0.005582 0 214.348 137.674 548.349 0 
1 22 0 0 0 0 -0.000274168 -0.000422823 -0.000110945 0.000516 0 214.348 137.674 548.349 0 
59 3
1 22 0 0 0 0 0.00445522 -0.00043248 -0.00157449 0.004745 0 179.111 564.839 90.9824 0 
1 22 0 0 0 0 0.000782676 -0.000600934 0.000659387 0.0011868 0 179.111 564.839 90.9824 0 
1 22 0 0 0 0 0.000149057 7.52524e-05 -1.04171e-05 0.0001673 0 179.111 564.839 90.9824 0 
60 3
1 22 0 0 0 0 0.00112934 -0.00293917 -9.8092e-05 0.0031502 0 211.951 534.828 136.73 0 
1 22 0 0 0 0 -0.000842798 -0.000757997 0.00215225 0.0024325 0 211.951 534.828 136.73 0 
1 22 0 0 0 0 0.000120761 8.30302e-06 -0.000501601 0.000516 0 211.951 534.828 136.73 0 
61 4
1 22 0 0 0 0 -0.00251536 0.002079 -0.00174462 0.0037004 0 -41.1013 564.574 295.595 0 
1 22 0 0 0 0 0.000976681 -0.000313089 0.00019655 0.0010443 0 -41.1013 564.574 295.595 0 
1 22 0 0 0 0 -0.000825818 0.000615163 0.000589994 0.0011868 0 -41.1013 564.574 295.595 0 
1 22 0 0 0 0 -3.50033e-05 -0.000151527 -6.1673e-05 0.0001673 0 -41.1013 564.574 295.595 0 
62 3
1 22 0 0 0 0 -0.00389897 -0.000945102 -0.00253375 0.004745 0 -291.224 474.227 296.439 0 
1 22 0 0 0 0 -0.000123575 0.000903257 -0.000759836 0.0011868 0 -291.224 474.227 296.439 0 
1 22 0 0 0 0 5.98279e-05 0.000108066 -0.000112834 0.0001673 0 -291.224 474.227 296.439 0 
63 3
1 22 0 0 0 0 0.00219575 -0.00411178 -0.000887098 0.004745 0 126.602 570.347 51.987 0 
1 22 0 0 0 0 -0.000572678 -0.000715465 -0.000754085 0.0011868 0 126.602 570.347 51.987 0 
1 22 0 0 0 0 8.09702e-06 6.44739e-05 -0.000154165 0.0001673 0 126.602 570.347 51.987 0 
64 3
1 22 0 0 0 0 -0.00241585 -0.00109124 -0.00393547 0.004745 0 -179.974 493.687 60.9026 0 
1 22 0 0 0 0 -0.000810507 -0.000700918 -0.000510184 0.0011868 0 -179.974 493.687 60.9026 0 
1 22 0 0 0 0 0.000162145 -1.98432e-05 3.61193e-05 0.0001673 0 -179.974 493.687 60.9026 0 
65 4
1 22 0 0 0 0 0.00205806 0.000851492 0.00164991 0.0027718 0 129.18 593.077 104.015 0 
1 22 0 0 0 0 0.0010577 -0.00016878 0.00165648 0.0019726 0 129.18 593.077 104.015 0 
1 22 0 0 0 0 0.000863628 -0.000705853 0.000405479 0.0011868 0 129.18 593.077 104.015 0 
1 22 0 0 0 0 -5.98434e-05 6.43053e-05 0.000142383 0.0001673 0 129.18 593.077 104.015 0 
66 3
1 22 0 0 0 0 0.00105307 -0.00319757 -0.00334389 0.004745 0 297.455 576.474 368.028 0 
1 22 0 0 0 0 -0.000294756 0.00114657 8.3577e-05 0.0011868 0 297.455 576.474 368.028 0 
1 22 0 0 0 0 -4.31491e-05 -1.7587e-05 -0.00016068 0.0001673 0 297.455 576.474 368.028 0 
67 4
1 22 0 0 0 0 0.000119336 -0.000387763 -0.00209172 0.0021307 0 173.013 466.878 441.294 0 
1 22 0 0 0 0 -2.9347e-05 -0.000702798 -0.00251789 0.0026143 0 173.013 466.878 441.294 0 
1 22 0 0 0 0 -0.000801526 0.000848681 -0.000213987 0.0011868 0 173.013 466.878 441.294 0 
1 22 0 0 0 0 -9.18754e-05 0.000123292 -6.59343e-05 0.0001673 0 173.013 466.878 441.294 0 
68 3
1 22 0 0 0 0 -0.00115725 0.00435402 -0.0014894 0.004745 0 29.1029 565.516 636.859 0 
1 22 0 0 0 0 0.00112948 -0.000363765 2.09359e-05 0.0011868 0 29.1029 565.516 636.859 0 
1 22 0 0 0 0 -8.72588e-05 4.61407e-05 -0.000135079 0.0001673 0 29.1029 565.516 636.859 0 
69 2
1 22 0 0 0 0 -0.00126273 -0.00475194 0.0026426 0.005582 0 -172.434 572.793 451.478 0 
1 22 0 0 0 0 -9.58716e-05 0.000506941 -8.70674e-06 0.000516 0 -172.434 572.793 451.478 0 
70 3
1 22 0 0 0 0 0.00317463 0.00351582 0.000275212 0.004745 0 -126.097 584.862 150.856 0 
1 22 0 0 0 0 0.000823439 -5.47062e-05 0.000143863 0.0008377 0 -126.097 584.862 150.856 0 
1 22 0 0 0 0 -0.000223878 0.000446788 0.000128513 0.000516 0 -126.097 584.862 150.856 0 
71 3
1 22 0 0 0 0 -0.00352563 0.00314985 0.000404231 0.004745 0 -310.323 559.906 195.892 0 
1 22 0 0 0 0 -6.4624e-05 -0.000272645 0.00115325 0.0011868 0 -310.323 559.906 195.892 0 
1 22 0 0 0 0 -9.92426e-05 9.31668e-05 9.72633e-05 0.0001673 0 -310.323 559.906 195.892 0 
72 3
1 22 0 0 0 0 -0.00206917 0.000255803 0.00426241 0.004745 0 303.227 589.488 154.139 0 
1 22 0 0 0 0 -0.000302517 -4.62761e-05 -0.00114666 0.0011868 0 303.227 589.488 154.139 0 
1 22 0 0 0 0 8.31825e-05 -2.09585e-05 0.000143634 0.0001673 0 303.227 589.488 154.139 0 
73 3
1 22 0 0 0 0 -0.00328816 0.000525968 -0.000487833 0.0033655 0 191 577.316 105.426 0 
1 22 0 0 0 0 -0.00150829 0.00201626 -0.000494625 0.0025661 0 191 577.316 105.426 0 
1 22 0 0 0 0 -0.000148175 6.38404e-05 -4.42464e-05 0.0001673 0 191 577.316 105.426 0 
74 2
1 22 0 0 0 0 0.00462284 0.00105092 -0.0029468 0.005582 0 336.776 558.117 519.289 0 
1 22 0 0 0 0 0.000500445 -0.000124362 1.85845e-05 0.000516 0 336.776 558.117 519.289 0 
75 3
1 22 0 0 0 0 -0.00255176 -0.0037598 -0.00136654 0.004745 0 161.203 575.676 52.9943 0 
1 22 0 0 0 0 0.000287145 -0.00028752 -0.00111507 0.0011868 0 161.203 575.676 52.9943 0 
1 22 0 0 0 0 -2.14476e-05 -6.74293e-05 -0.0001516 0.0001673 0 161.203 575.676 52.9943 0 
76 3
1 22 0 0 0 0 0.000906898 0.000294494 -0.00464821 0.004745 0 274.276 593.738 213.679 0 
1 22 0 0 0 0 0.000575598 -0.000477627 0.000921441 0.0011868 0 274.276 593.738 213.679 0 
1 22 0 0 0 0 0.00014037 8.36159e-05 -3.59719e-05 0.0001673 0 274.276 593.738 213.679 0 
77 2
1 22 0 0 0 0 0.00292682 -0.000232223 -0.00474748 0.005582 0 194.771 596.685 331.843 0 
1 22 0 0 0 0 2.14711e-06 7.94957e-05 0.000509835 0.000516 0 194.771 596.685 331.843 0 
78 3
1 22 0 0 0 0 -0.00343325 0.00325627 -0.00035291 0.004745 0 0.608052 591.974 251.789 0 
1 22 0 0 0 0 0.00112136 -0.000352817 0.000162961 0.0011868 0 0.608052 591.974 251.789 0 
1 22 0 0 0 0 9.31823e-06 -6.72272e-05 0.000152915 0.0001673 0 0.608052 591.974 251.789 0 
79 4
1 22 0 0 0 0 -0.00318851 -0.00149852 -0.00113171 0.0037004 0 299.242 55.8283 240.664 0 
1 22 0 0 0 0 0.000991984 0.000241589 0.000219464 0.0010443 0 299.242 55.8283 240.664 0 
1 22 0 0 0 0 0.00102849 0.000505764 -0.000308066 0.0011868 0 299.242 55.8283 240.664 0 
1 22 0 0 0 0 0.000126511 9.91677e-05 -4.63683e-05 0.0001673 0 299.242 55.8283 240.664 0 
80 2
1 22 0 0 0 0 -0.00553734 0.00066285 0.000239272 0.005582 0 138.939 308.136 69.6358 0 
1 22 0 0 0 0 -5.6963e-05 -6.36397e-05 0.000508882 0.000516 0 138.939 308.136 69.6358 0 
81 3
1 22 0 0 0 0 -0.000549783 -0.00362116 -0.00301661 0.004745 0 298.322 288.586 112.34 0 
1 22 0 0 0 0 0.000942418 -0.00071974 -4.81369e-05 0.0011868 0 298.322 288.586 112.34 0 
1 22 0 0 0 0 -6.98492e-05 -4.98092e-05 -0.000143629 0.0001673 0 298.322 288.586 112.34 0 
82 4
1 22 0 0 0 0 -0.00234745 0.00307489 -0.00274765 0.004745 0 -215.268 547.497 86.8436 0 
1 22 0 0 0 0 -7.16767e-05 -0.000409812 0.000727089 0.0008377 0 -215.268 547.497 86.8436 0 
1 22 0 0 0 0 -0.000285669 0.000126544 0.000154828 0.0003487 0 -215.268 547.497 86.8436 0 
1 22 0 0 0 0 -1.95604e-05 -0.000141621 -8.68924e-05 0.0001673 0 -215.268 547.497 86.8436 0 
83 4
1 22 0 0 0 0 0.00370389 -0.00192133 -0.00225937 0.004745 0 103.664 545.913 8.54172 0 
1 22 0 0 0 0 0.000308332 0.000132294 -0.000767575 0.0008377 0 103.664 545.913 8.54172 0 
1 22 0 0 0 0 0.00016362 -0.000190153 0.000242202 0.0003487 0 103.664 545.913 8.54172 0 
1 22 0 0 0 0 1.71951e-05 -9.33373e-06 0.000166152 0.0001673 0 103.664 545.913 8.54172 0 
84 2
1 22 0 0 0 0 0.00240001 -0.00465467 -0.00193202 0.005582 0 347.398 512.899 90.0549 0 
1 22 0 0 0 0 8.46493e-05 0.000439399 0.000256941 0.000516 0 347.398 512.899 90.0549 0 
85 3
1 22 0 0 0 0 -0.000170011 -0.000649688 0.00469724 0.004745 0 222.863 555.668 487.131 0 
1 22 0 0 0 0 0.000970821 -0.000392137 0.000558775 0.0011868 0 222.863 555.668 487.131 0 
1 22 0 0 0 0 -2.70876e-05 -0.000163286 2.43596e-05 0.0001673 0 222.863 555.668 487.131 0 
86 3
1 22 0 0 0 0 0.00376618 0.000867785 -0.0027528 0.004745 0 227.459 134.737 262.982 0 
1 22 0 0 0 0 -8.5363e-05 0.00116242 -0.000223579 0.0011868 0 227.459 134.737 262.982 0 
1 22 0 0 0 0 0.000101751 0.000132543 8.27564e-06 0.0001673 0 227.459 134.737 262.982 0 
87 3
1 22 0 0 0 0 -0.0014741 -4.91347e-05 0.00108126 0.0018288 0 169.166 576.96 173.414 0 
1 22 0 0 0 0 -0.00352812 0.00135987 0.00159173 0.0041025 0 169.166 576.96 173.414 0 
1 22 0 0 0 0 2.00949e-05 0.00016582 9.44004e-06 0.0001673 0 169.166 576.96 173.414 0 
88 3
1 22 0 0 0 0 -0.000195723 -0.00463302 0.00100591 0.004745 0 107.098 497.903 8.61583 0 
1 22 0 0 0 0 -0.000227446 -8.85924e-05 -0.00116143 0.0011868 0 107.098 497.903 8.61583 0 
1 22 0 0 0 0 8.28905e-05 -5.32624e-06 -0.000145224 0.0001673 0 107.098 497.903 8.61583 0 
89 2
1 22 0 0 0 0 0.00259914 5.33426e-05 0.00493967 0.005582 0 -270.238 257.04 422.541 0 
1 22 0 0 0 0 -0.000329822 -0.000260266 0.000299558 0.000516 0 -270.238 257.04 422.541 0 
90 4
1 22 0 0 0 0 0.00331618 0.00044755 0.00336417 0.004745 0 26.9853 572.475 134.962 0 
1 22 0 0 0 0 7.1039e-05 -0.000804092 -0.0002239 0.0008377 0 26.9853 572.475 134.962 0 
1 22 0 0 0 0 0.000100134 0.000240168 0.00023213 0.0003487 0 26.9853 572.475 134.962 0 
1 22 0 0 0 0 0.000155156 -5.58387e-05 2.82486e-05 0.0001673 0 26.9853 572.475 134.962 0 
91 3
1 22 0 0 0 0 0.00253743 -0.00266317 0.00299733 0.004745 0 95.0128 136.591 198.812 0 
1 22 0 0 0 0 0.0001791 0.000155175 0.0011629 0.0011868 0 95.0128 136.591 198.812 0 
1 22 0 0 0 0 -7.08719e-05 -0.000139514 -5.91811e-05 0.0001673 0 95.0128 136.591 198.812 0 
92 3
1 22 0 0 0 0 -0.00230759 -0.00125619 -0.000883119 0.0027718 0 -11.2279 581.901 111.258 0 
1 22 0 0 0 0 -0.00225323 -0.00112246 0.00124978 0.0028105 0 -11.2279 581.901 111.258 0 
1 22 0 0 0 0 -0.000294312 -0.000390499 -0.000164764 0.000516 0 -11.2279 581.901 111.258 0 
93 3
1 22 0 0 0 0 -0.000534637 0.00192065 -0.000751768 0.0021307 0 86.9589 528.946 18.0604 0 
1 22 0 0 0 0 -0.00174945 -0.000225243 -0.00296709 0.0034518 0 86.9589 528.946 18.0604 0 
1 22 0 0 0 0 -0.00042651 -0.000154376 -0.000245995 0.000516 0 86.9589 528.946 18.0604 0 
94 3
1 22 0 0 0 0 0.00142308 -0.000916402 0.00443284 0.004745 0 155.585 539.592 658.905 0 
1 22 0 0 0 0 -0.000614877 0.000558948 -0.000106041 0.0008377 0 155.585 539.592 658.905 0 
1 22 0 0 0 0 -0.000491243 8.14546e-05 -0.000135281 0.000516 0 155.585 539.592 658.905 0 
95 3
1 22 0 0 0 0 -0.000985692 0.00437124 -0.00156067 0.004745 0 -135.461 553.581 330.77 0 
1 22 0 0 0 0 -0.000100754 -8.91351e-05 0.00117915 0.0011868 0 -135.461 553.581 330.77 0 
1 22 0 0 0 0 -2.23107e-05 0.000161137 3.90706e-05 0.0001673 0 -135.461 553.581 330.77 0 
96 3
1 22 0 0 0 0 -0.000228278 -0.00204466 -0.00427578 0.004745 0 -97.4261 584.779 125.798 0 
1 22 0 0 0 0 -1.48062e-05 -0.000267732 -0.00115611 0.0011868 0 -97.4261 584.779 125.798 0 
1 22 0 0 0 0 0.000149433 7.03682e-05 -2.65994e-05 0.0001673 0 -97.4261 584.779 125.798 0 
97 3
1 22 0 0 0 0 0.00163184 -0.00371354 -0.00246206 0.004745 0 130.788 582.118 312.563 0 
1 22 0 0 0 0 5.55836e-06 -0.000563796 -0.00104432 0.0011868 0 130.788 582.118 312.563 0 
1 22 0 0 0 0 3.12445e-05 -5.38022e-05 -0.000155301 0.0001673 0 130.788 582.118 312.563 0 
98 4
1 22 0 0 0 0 -0.000617017 0.00161457 0.00124592 0.0021307 0 215.204 520.108 179.434 0 
1 22 0 0 0 0 -0.00239514 0.000950423 -0.00044107 0.0026143 0 215.204 520.108 179.434 0 
1 22 0 0 0 0 0.000453912 0.000498529 -0.000976692 0.0011868 0 215.204 520.108 179.434 0 
1 22 0 0 0 0 1.25912e-05 -0.000165693 1.94071e-05 0.0001673 0 215.204 520.108 179.434 0 
99 3
1 22 0 0 0 0 0.00324409 0.0020533 -0.00278834 0.004745 0 301.274 572.084 222.272 0 
1 22 0 0 0 0 0.000797408 0.000864792 0.000157385 0.0011868 0 301.274 572.084 222.272 0 
1 22 0 0 0 0 0.000104048 2.56912e-05 -0.000128465 0.0001673 0 301.274 572.084 222.272 0 
100 4
1 22 0 0 0 0 -0.000894429 0.000409523 -0.00259136 0.0027718 0 42.141 550.052 161.609 0 
1 22 0 0 0 0 -0.000407816 -0.00192998 -9.34664e-07 0.0019726 0 42.141 550.052 161.609 0 
1 22 0 0 0 0 -0.000180098 0.00117269 2.93422e-05 0.0011868 0 42.141 550.052 161.609 0 
1 22 0 0 0 0 -0.000160836 -1.47078e-05 4.36434e-05 0.0001673 0 42.141 550.052 161.609 0 
101 3
1 22 0 0 0 0 -0.00136274 0.00109569 -0.00262034 0.0031502 0 -130.55 454.643 589.485 0 
1 22 0 0 0 0 -0.000322393 -0.00251088 0.00115324 0.0027818 0 -130.55 454.643 589.485 0 
1 22 0 0 0 0 8.08915e-05 8.14327e-05 -0.000121715 0.0001673 0 -130.55 454.643 589.485 0 
102 3
1 22 0 0 0 0 0.00217457 -0.00383605 -0.00175241 0.004745 0 -35.0626 565.792 451.54 0 
1 22 0 0 0 0 -0.000910283 -0.00058069 0.000492623 0.0011868 0 -35.0626 565.792 451.54 0 
1 22 0 0 0 0 -0.000143155 7.42809e-05 -4.44794e-05 0.0001673 0 -35.0626 565.792 451.54 0 
103 3
1 22 0 0 0 0 0.00161306 -0.00434874 -0.00100076 0.004745 0 125.38 331.164 153.13 0 
1 22 0 0 0 0 0.000732246 -0.000511212 -0.000781647 0.0011868 0 125.38 331.164 153.13 0 
1 22 0 0 0 0 0.000156073 1.99119e-05 5.68689e-05 0.0001673 0 125.38 331.164 153.13 0 
104 3
1 22 0 0 0 0 -0.00266319 0.00351079 0.00175977 0.004745 0 322.386 583.707 274.588 0 
1 22 0 0 0 0 -0.000405391 0.00108571 0.000255726 0.0011868 0 322.386 583.707 274.588 0 
1 22 0 0 0 0 -0.000103122 -7.02922e-05 -0.000111418 0.0001673 0 322.386 583.707 274.588 0 
105 2
1 22 0 0 0 0 0.00320045 0.000399613 -0.00455589 0.005582 0 276.717 362.982 379.419 0 
1 22 0 0 0 0 0.000468179 -0.000206629 6.60986e-05 0.000516 0 276.717 362.982 379.419 0 
106 3
1 22 0 0 0 0 0.00431121 -0.00107745 0.00166359 0.004745 0 171.758 579.016 512.436 0 
1 22 0 0 0 0 0.000273623 -0.0011354 -0.000210926 0.0011868 0 171.758 579.016 512.436 0 
1 22 0 0 0 0 4.88135e-05 1.33374e-05 -0.000159464 0.0001673 0 171.758 579.016 512.436 0 
107 3
1 22 0 0 0 0 0.00191374 0.00339397 0.00270806 0.004745 0 -122.318 587.866 136.646 0 
1 22 0 0 0 0 0.000896614 0.000670842 0.000393127 0.0011868 0 -122.318 587.866 136.646 0 
1 22 0 0 0 0 -0.0001583 -4.30812e-05 3.27797e-05 0.0001673 0 -122.318 587.866 136.646 0 
108 3
1 22 0 0 0 0 -0.00363738 -0.00304197 0.00017578 0.004745 0 232.272 384.724 659.318 0 
1 22 0 0 0 0 0.000323487 0.00104273 0.000465357 0.0011868 0 232.272 384.724 659.318 0 
1 22 0 0 0 0 0.000106309 -7.33562e-05 0.000106332 0.0001673 0 232.272 384.724 659.318 0 
109 4
1 22 0 0 0 0 0.000949451 -0.0018167 0.000581405 0.0021307 0 278.876 549.933 126.07 0 
1 22 0 0 0 0 3.31146e-05 0.00239171 -0.00105509 0.0026143 0 278.876 549.933 126.07 0 
1 22 0 0 0 0 -0.00088869 -0.000783269 7.22096e-05 0.0011868 0 278.876 549.933 126.07 0 
1 22 0 0 0 0 6.42928e-05 -0.000121645 9.51751e-05 0.0001673 0 278.876 549.933 126.07 0 
110 2
1 22 0 0 0 0 -0.00474226 -0.00227268 -0.00187206 0.005582 0 277.486 535.334 134.272 0 
1 22 0 0 0 0 0.000357007 -3.43587e-05 -0.000370973 0.000516 0 277.486 535.334 134.272 0 
111 3
1 22 0 0 0 0 -0.00113308 -0.00187171 -0.00421045 0.004745 0 -73.801 371.914 257.148 0 
1 22 0 0 0 0 -0.000830728 -0.00063608 -0.000560168 0.0011868 0 -73.801 371.914 257.148 0 
1 22 0 0 0 0 -0.000127244 9.80649e-05 4.67067e-05 0.0001673 0 -73.801 371.914 257.148 0 
112 3
1 22 0 0 0 0 0.0041104 -0.0018778 0.00144691 0.004745 0 122.013 519.258 104.31 0 
1 22 0 0 0 0 0.000247863 -0.000153079 -0.00115049 0.0011868 0 122.013 519.258 104.31 0 
1 22 0 0 0 0 8.93191e-05 1.57729e-05 -0.00014058 0.0001673 0 122.013 519.258 104.31 0 
113 3
1 22 0 0 0 0 0.000363872 0.00174358 0.00439802 0.004745 0 240.402 546.145 37.0711 0 
1 22 0 0 0 0 -0.000847275 0.00025571 -0.000790716 0.0011868 0 240.402 546.145 37.0711 0 
1 22 0 0 0 0 0.000122764 -7.42819e-05 8.60255e-05 0.0001673 0 240.402 546.145 37.0711 0 
114 3
1 22 0 0 0 0 -0.00380851 0.00270276 -0.000839877 0.004745 0 110.995 576.042 358.661 0 
1 22 0 0 0 0 0.00096434 -0.000551351 0.000417798 0.0011868 0 110.995 576.042 358.661 0 
1 22 0 0 0 0 -0.00013161 0.000103064 -6.78622e-06 0.0001673 0 110.995 576.042 358.661 0 
115 4
1 22 0 0 0 0 -0.00251875 0.00112604 -0.00026608 0.0027718 0 112.562 549.164 357.471 0 
1 22 0 0 0 0 0.00257983 -0.000118513 0.00110875 0.0028105 0 112.562 549.164 357.471 0 
1 22 0 0 0 0 -0.00028111 0.000161835 -0.000127977 0.0003487 0 112.562 549.164 357.471 0 
1 22 0 0 0 0 9.08145e-05 0.000115906 7.94213e-05 0.0001673 0 112.562 549.164 357.471 0 
116 2
1 22 0 0 0 0 0.00446727 -0.0015086 0.000531621 0.004745 0 339.489 529.033 243.81 0 
1 22 0 0 0 0 0.000937929 0.000808849 0.000547146 0.001354 0 339.489 529.033 243.81 0 
117 3
1 22 0 0 0 0 0.00195108 0.0014776 0.0013011 0.0027718 0 146.581 548.589 231.324 0 
1 22 0 0 0 0 0.00245613 0.00136362 -8.29244e-05 0.0028105 0 146.581 548.589 231.324 0 
1 22 0 0 0 0 0.000183605 -0.000278176 -0.000393908 0.000516 0 146.581 548.589 231.324 0 
118 2
1 22 0 0 0 0 -0.00231637 0.003664 0.00192991 0.004745 0 87.3905 530.74 166.92 0 
1 22 0 0 0 0 -0.00120333 0.000385873 0.000486217 0.001354 0 87.3905 530.74 166.92 0 
119 4
1 22 0 0 0 0 0.00137276 -0.00130863 -0.00202136 0.0027718 0 147.332 592.011 696.711 0 
1 22 0 0 0 0 0.000814536 0.000694235 0.00259875 0.0028105 0 147.332 592.011 696.711 0 
1 22 0 0 0 0 -7.83386e-05 -0.000223191 -0.000256204 0.0003487 0 147.332 592.011 696.711 0 
1 22 0 0 0 0 -6.54479e-05 -7.90089e-05 -0.000132149 0.0001673 0 147.332 592.011 696.711 0 
120 3
1 22 0 0 0 0 -0.00172219 -0.00271346 0.00183416 0.0037004 0 -85.5018 523.937 519.527 0 
1 22 0 0 0 0 0.00170344 -0.000263157 0.000754385 0.0018815 0 -85.5018 523.937 519.527 0 
1 22 0 0 0 0 -0.000509128 5.37308e-05 -6.44801e-05 0.000516 0 -85.5018 523.937 519.527 0 
121 4
1 22 0 0 0 0 -0.000744484 0.00314386 0.00180412 0.0037004 0 160.747 582.72 143.185 0 
1 22 0 0 0 0 0.000890724 0.000198657 -0.000507649 0.0010443 0 160.747 582.72 143.185 0 
1 22 0 0 0 0 0.00067859 -0.000469973 0.000142765 0.0008377 0 160.747 582.72 143.185 0 
1 22 0 0 0 0 0.000144281 0.000485451 9.88757e-05 0.000516 0 160.747 582.72 143.185 0 
122 3
1 22 0 0 0 0 0.00426495 0.00206346 0.000259571 0.004745 0 196.255 528.176 304.428 0 
1 22 0 0 0 0 5.16793e-05 -0.000210784 0.00116679 0.0011868 0 196.255 528.176 304.428 0 
1 22 0 0 0 0 -0.000154367 3.06992e-05 5.67259e-05 0.0001673 0 196.255 528.176 304.428 0 
123 3
1 22 0 0 0 0 0.00337373 0.00331834 0.000348674 0.004745 0 348.561 572.505 295.957 0 
1 22 0 0 0 0 -0.00116261 -0.000170371 0.000166741 0.0011868 0 348.561 572.505 295.957 0 
1 22 0 0 0 0 0.000150093 4.10901e-05 6.14235e-05 0.0001673 0 348.561 572.505 295.957 0 
124 2
1 22 0 0 0 0 0.00374946 -0.00158269 -0.00243959 0.004745 0 132.254 547.349 666.824 0 
1 22 0 0 0 0 0.00134549 -0.000151505 3.66186e-06 0.001354 0 132.254 547.349 666.824 0 
125 4
1 22 0 0 0 0 0.004236 0.000105118 0.00213549 0.004745 0 215.819 593.992 65.4937 0 
1 22 0 0 0 0 0.00016941 -0.000670505 -0.00047272 0.0008377 0 215.819 593.992 65.4937 0 
1 22 0 0 0 0 0.000231162 0.000253034 -6.42639e-05 0.0003487 0 215.819 593.992 65.4937 0 
1 22 0 0 0 0 9.96987e-05 9.64585e-05 -9.35159e-05 0.0001673 0 215.819 593.992 65.4937 0 
126 3
1 22 0 0 0 0 0.000263991 0.00432506 -0.00193369 0.004745 0 227.893 249.505 173.619 0 
1 22 0 0 0 0 -6.18723e-05 -0.00108753 0.000471105 0.0011868 0 227.893 249.505 173.619 0 
1 22 0 0 0 0 6.27619e-06 -0.000118853 -0.000117575 0.0001673 0 227.893 249.505 173.619 0 
127 3
1 22 0 0 0 0 -0.000747566 0.00256834 -0.000726404 0.0027718 0 25.6014 567.868 276.582 0 
1 22 0 0 0 0 -0.00115129 -0.00200388 -0.00159934 0.0028105 0 25.6014 567.868 276.582 0 
1 22 0 0 0 0 0.000365724 4.9733e-05 -0.000360594 0.000516 0 25.6014 567.868 276.582 0 
128 3
1 22 0 0 0 0 0.00181788 0.000855373 0.00429868 0.004745 0 168.977 507.874 463.206 0 
1 22 0 0 0 0 -0.00104873 -0.000419035 -0.0003648 0.0011868 0 168.977 507.874 463.206 0 
1 22 0 0 0 0 0.000137882 8.85857e-05 -3.36209e-05 0.0001673 0 168.977 507.874 463.206 0 
129 3
1 22 0 0 0 0 0.000272028 -0.00288285 -0.00124054 0.0031502 0 225.929 449.933 311.265 0 
1 22 0 0 0 0 0.00148263 0.00100536 0.00164564 0.0024325 0 225.929 449.933 311.265 0 
1 22 0 0 0 0 -0.000130844 -0.000405513 -0.000291024 0.000516 0 225.929 449.933 311.265 0 
130 3
1 22 0 0 0 0 -0.00109417 -0.00251202 -0.00195426 0.0033655 0 345.553 579.432 277.586 0 
1 22 0 0 0 0 -0.002482 -0.000325126 0.000564665 0.0025661 0 345.553 579.432 277.586 0 
1 22 0 0 0 0 -8.30366e-05 -0.00013253 5.94139e-05 0.0001673 0 345.553 579.432 277.586 0 
131 3
1 22 0 0 0 0 0.00459438 -0.00118344 -7.84742e-05 0.004745 0 -114.712 511.577 217.836 0 
1 22 0 0 0 0 0.000372237 -0.00110741 -0.000208764 0.0011868 0 -114.712 511.577 217.836 0 
1 22 0 0 0 0 6.99908e-05 0.000149968 2.44987e-05 0.0001673 0 -114.712 511.577 217.836 0 
132 3
1 22 0 0 0 0 -0.00284577 -0.001261 -0.00463359 0.005582 0 -3.29305 522.871 187.747 0 
1 22 0 0 0 0 0.000294208 -0.000186703 -1.32449e-05 0.0003487 0 -3.29305 522.871 187.747 0 
1 22 0 0 0 0 1.80242e-05 -4.11301e-06 0.000166275 0.0001673 0 -3.29305 522.871 187.747 0 
133 3
1 22 0 0 0 0 0.00281673 -0.00309222 -0.00224036 0.004745 0 136.006 570.788 188.539 0 
1 22 0 0 0 0 0.000997219 0.000286337 -0.000576246 0.0011868 0 136.006 570.788 188.539 0 
1 22 0 0 0 0 -0.000106676 -7.20365e-05 -0.000106865 0.0001673 0 136.006 570.788 188.539 0 
134 4
1 22 0 0 0 0 0.00341495 -0.00259673 0.00202735 0.004745 0 270.47 511.968 625.661 0 
1 22 0 0 0 0 0.00049392 -0.000281627 -0.0006152 0.0008377 0 270.47 511.968 625.661 0 
1 22 0 0 0 0 0.000314728 0.00014771 -2.68269e-05 0.0003487 0 270.47 511.968 625.661 0 
1 22 0 0 0 0 4.9481e-05 0.000146277 6.43741e-05 0.0001673 0 270.47 511.968 625.661 0 
135 4
1 22 0 0 0 0 0.00384002 0.000455006 -0.00274995 0.004745 0 -109.209 553.89 192.917 0 
1 22 0 0 0 0 0.000144565 -0.000266732 0.000780831 0.0008377 0 -109.209 553.89 192.917 0 
1 22 0 0 0 0 0.000189743 0.000289972 3.8799e-05 0.0003487 0 -109.209 553.89 192.917 0 
1 22 0 0 0 0 6.99269e-06 -8.52776e-05 -0.000143764 0.0001673 0 -109.209 553.89 192.917 0 
136 4
1 22 0 0 0 0 -0.0040306 0.000327392 -0.00248236 0.004745 0 142.492 564.249 282.682 0 
1 22 0 0 0 0 0.000167203 0.000111122 -0.000813287 0.0008377 0 142.492 564.249 282.682 0 
1 22 0 0 0 0 7.91166e-05 -0.000251985 0.000227675 0.0003487 0 142.492 564.249 282.682 0 
1 22 0 0 0 0 2.10989e-05 -7.68646e-05 -0.000147092 0.0001673 0 142.492 564.249 282.682 0 
137 3
1 22 0 0 0 0 -0.0028238 0.000351333 0.00135148 0.0031502 0 -29.5626 479.532 334.852 0 
1 22 0 0 0 0 -0.00189877 0.00152021 -2.62616e-05 0.0024325 0 -29.5626 479.532 334.852 0 
1 22 0 0 0 0 0.000428122 0.000278104 -7.50032e-05 0.000516 0 -29.5626 479.532 334.852 0 
138 3
1 22 0 0 0 0 0.00416736 0.0017488 0.00144562 0.004745 0 309.351 422.47 351.236 0 
1 22 0 0 0 0 0.00095028 -0.000710857 -1.20216e-05 0.0011868 0 309.351 422.47 351.236 0 
1 22 0 0 0 0 7.33485e-05 -6.4026e-05 -0.000136051 0.0001673 0 309.351 422.47 351.236 0 
139 3
1 22 0 0 0 0 -0.00111717 0.00432092 -0.00161139 0.004745 0 213.607 480.805 159.835 0 
1 22 0 0 0 0 -0.000554752 0.000332945 -0.000532108 0.0008377 0 213.607 480.805 159.835 0 
1 22 0 0 0 0 2.9056e-05 -0.000170658 0.000486094 0.000516 0 213.607 480.805 159.835 0 
140 3
1 22 0 0 0 0 0.00314472 0.00233755 -0.00267612 0.004745 0 120.601 474.512 345.145 0 
1 22 0 0 0 0 3.43657e-05 -0.00116916 0.000200971 0.0011868 0 120.601 474.512 345.145 0 
1 22 0 0 0 0 -1.96848e-05 0.000115328 -0.000119587 0.0001673 0 120.601 474.512 345.145 0 
141 4
1 22 0 0 0 0 0.000145719 -0.00128908 -0.00346554 0.0037004 0 183.867 552.111 169.206 0 
1 22 0 0 0 0 0.000826402 -9.91193e-05 -0.000630712 0.0010443 0 183.867 552.111 169.206 0 
1 22 0 0 0 0 0.000591989 0.000870277 -0.000548326 0.0011868 0 183.867 552.111 169.206 0 
1 22 0 0 0 0 0.000144943 -3.25418e-05 7.69526e-05 0.0001673 0 183.867 552.111 169.206 0 
142 3
1 22 0 0 0 0 -0.00226075 -0.000134037 -0.00159809 0.0027718 0 111.438 589.018 62.3918 0 
1 22 0 0 0 0 -0.000761842 -0.00269545 -0.000230298 0.0028105 0 111.438 589.018 62.3918 0 
1 22 0 0 0 0 0.000333525 0.000302817 -0.000251633 0.000516 0 111.438 589.018 62.3918 0 
143 3
1 22 0 0 0 0 0.000398763 0.00161292 0.0044446 0.004745 0 116.31 546.045 292.528 0 
1 22 0 0 0 0 0.000595638 0.000398836 -0.000945854 0.0011868 0 116.31 546.045 292.528 0 
1 22 0 0 0 0 0.000129719 8.44651e-05 -6.34666e-05 0.0001673 0 116.31 546.045 292.528 0 
144 3
1 22 0 0 0 0 0.0025102 0.00368231 0.00162927 0.004745 0 135.407 511.66 237.407 0 
1 22 0 0 0 0 0.000188093 -0.00116549 -0.000121469 0.0011868 0 135.407 511.66 237.407 0 
1 22 0 0 0 0 9.41887e-05 -2.99524e-05 0.000134984 0.0001673 0 135.407 511.66 237.407 0 
145 2
1 22 0 0 0 0 -0.000353638 -0.000604116 0.00553793 0.005582 0 52.663 593.498 305.732 0 
1 22 0 0 0 0 0.000228716 -0.000436635 0.000152626 0.000516 0 52.663 593.498 305.732 0 
146 3
1 22 0 0 0 0 -0.000968025 0.00367934 -0.00283556 0.004745 0 -26.44 586.114 300.485 0 
1 22 0 0 0 0 0.000723258 0.000252487 -0.000338954 0.0008377 0 -26.44 586.114 300.485 0 
1 22 0 0 0 0 -0.000234895 0.000449034 -9.72067e-05 0.000516 0 -26.44 586.114 300.485 0 
147 3
1 22 0 0 0 0 -0.00343771 -0.000701422 0.00319455 0.004745 0 -267.244 533.142 202.132 0 
1 22 0 0 0 0 8.88008e-05 0.00116358 -0.000216067 0.0011868 0 -267.244 533.142 202.132 0 
1 22 0 0 0 0 0.000163349 3.36147e-05 1.32798e-05 0.0001673 0 -267.244 533.142 202.132 0 
148 3
1 22 0 0 0 0 0.00414832 0.00207873 -0.000992639 0.004745 0 -7.22771 587.04 60.389 0 
1 22 0 0 0 0 -0.000869912 0.000712373 -0.000379831 0.0011868 0 -7.22771 587.04 60.389 0 
1 22 0 0 0 0 0.000101625 -3.17203e-05 0.000129056 0.0001673 0 -7.22771 587.04 60.389 0 
149 3
1 22 0 0 0 0 -0.00386919 -0.00358651 -0.00182347 0.005582 0 52.5178 542.668 132.276 0 
1 22 0 0 0 0 0.000132667 0.000220015 -0.000235763 0.0003487 0 52.5178 542.668 132.276 0 
1 22 0 0 0 0 4.03133e-05 0.000160481 2.47001e-05 0.0001673 0 52.5178 542.668 132.276 0 
150 3
1 22 0 0 0 0 0.000568172 -0.00223041 0.0041494 0.004745 0 285.555 19.3918 590.551 0 
1 22 0 0 0 0 -0.000874856 -0.000546059 0.000587316 0.0011868 0 285.555 19.3918 590.551 0 
1 22 0 0 0 0 -4.6251e-05 0.000100308 -0.000125652 0.0001673 0 285.555 19.3918 590.551 0 
151 3
1 22 0 0 0 0 -0.00126864 0.00346915 0.000220187 0.0037004 0 -74.7777 585.374 160.534 0 
1 22 0 0 0 0 0.00139681 0.000897441 -0.00148801 0.0022295 0 -74.7777 585.374 160.534 0 
1 22 0 0 0 0 -2.27323e-05 -0.000100609 -0.000131721 0.0001673 0 -74.7777 585.374 160.534 0 
152 3
1 22 0 0 0 0 -0.003834 0.0013677 -0.00243821 0.004745 0 328.195 345.449 71.8395 0 
1 22 0 0 0 0 -0.000751082 0.000119894 -0.000911041 0.0011868 0 328.195 345.449 71.8395 0 
1 22 0 0 0 0 4.39006e-05 -3.76001e-05 -0.000156998 0.0001673 0 328.195 345.449 71.8395 0 
153 3
1 22 0 0 0 0 -0.000293984 0.00200202 -0.00429191 0.004745 0 -39.9232 576.945 133.333 0 
1 22 0 0 0 0 -0.000822316 0.000848833 -0.000108499 0.0011868 0 -39.9232 576.945 133.333 0 
1 22 0 0 0 0 7.30446e-05 -0.000134066 6.8412e-05 0.0001673 0 -39.9232 576.945 133.333 0 
154 4
1 22 0 0 0 0 0.00136571 -3.47514e-06 -0.00241199 0.0027718 0 108.852 534.62 42.0294 0 
1 22 0 0 0 0 0.00264222 -0.000947572 -0.000140374 0.0028105 0 108.852 534.62 42.0294 0 
1 22 0 0 0 0 0.000343355 -5.06983e-05 -3.35951e-05 0.0003487 0 108.852 534.62 42.0294 0 
1 22 0 0 0 0 -0.000160898 -3.19262e-05 3.28891e-05 0.0001673 0 108.852 534.62 42.0294 0 
155 3
1 22 0 0 0 0 -0.00177614 -0.00433087 -0.000777137 0.004745 0 266.23 551.971 223.427 0 
1 22 0 0 0 0 -0.000761625 0.000714554 0.000563767 0.0011868 0 266.23 551.971 223.427 0 
1 22 0 0 0 0 1.6206e-05 -0.000144689 -8.24119e-05 0.0001673 0 266.23 551.971 223.427 0 
156 2
1 22 0 0 0 0 0.00326592 0.00238447 0.00384796 0.005582 0 -279.911 394.73 460.824 0 
1 22 0 0 0 0 0.000254577 0.000204817 -0.00039937 0.000516 0 -279.911 394.73 460.824 0 
157 3
1 22 0 0 0 0 0.00312194 0.000235299 -0.00356555 0.004745 0 318.174 499.532 190.134 0 
1 22 0 0 0 0 -0.000174774 9.73622e-05 -0.00116982 0.0011868 0 318.174 499.532 190.134 0 
1 22 0 0 0 0 -9.36338e-05 -0.000136809 2.24808e-05 0.0001673 0 318.174 499.532 190.134 0 
158 3
1 22 0 0 0 0 0.00264085 0.00122902 -0.00374573 0.004745 0 78.3381 585.213 377.928 0 
1 22 0 0 0 0 0.000763717 -0.000625573 -0.000658702 0.0011868 0 78.3381 585.213 377.928 0 
1 22 0 0 0 0 -3.42586e-05 9.49584e-05 0.000133411 0.0001673 0 78.3381 585.213 377.928 0 
159 3
1 22 0 0 0 0 0.00051931 0.00378082 -0.00281971 0.004745 0 243.138 592.271 155.915 0 
1 22 0 0 0 0 0.000109087 -0.000495053 -0.000666907 0.0008377 0 243.138 592.271 155.915 0 
1 22 0 0 0 0 -3.68739e-06 -0.000272548 0.000438132 0.000516 0 243.138 592.271 155.915 0 
160 3
1 22 0 0 0 0 -0.00322077 -0.00211605 0.0027684 0.004745 0 92.8795 550.453 369.462 0 
1 22 0 0 0 0 0.001027 -0.000567095 0.00017937 0.0011868 0 92.8795 550.453 369.462 0 
1 22 0 0 0 0 8.25483e-05 -6.99407e-05 0.000127606 0.0001673 0 92.8795 550.453 369.462 0 
161 2
1 22 0 0 0 0 0.00383473 0.00404048 0.000357903 0.005582 0 297.282 566.687 684.54 0 
1 22 0 0 0 0 0.000180119 0.000219922 -0.000430636 0.000516 0 297.282 566.687 684.54 0 
162 3
1 22 0 0 0 0 0.00243281 0.00361764 -0.00187328 0.004745 0 222.401 551.257 156.856 0 
1 22 0 0 0 0 -0.000632861 -0.000998122 0.000108325 0.0011868 0 222.401 551.257 156.856 0 
1 22 0 0 0 0 -3.29268e-05 0.000147922 7.08816e-05 0.0001673 0 222.401 551.257 156.856 0 
163 3
1 22 0 0 0 0 -0.00302793 0.00278851 -0.00236027 0.004745 0 341.171 545.297 294.753 0 
1 22 0 0 0 0 0.000414025 0.000724275 7.58301e-05 0.0008377 0 341.171 545.297 294.753 0 
1 22 0 0 0 0 0.000110299 -0.000497316 -8.22601e-05 0.000516 0 341.171 545.297 294.753 0 
164 3
1 22 0 0 0 0 0.00193745 -0.00197308 0.000189984 0.0027718 0 40.3742 505.628 678.636 0 
1 22 0 0 0 0 -0.00276041 -0.000307292 -0.00042968 0.0028105 0 40.3742 505.628 678.636 0 
1 22 0 0 0 0 0.00036162 -0.000183035 0.000319351 0.000516 0 40.3742 505.628 678.636 0 
165 3
1 22 0 0 0 0 0.0045338 -0.00134446 -0.000389981 0.004745 0 92.2894 583.871 298.407 0 
1 22 0 0 0 0 -0.000435217 -0.00062188 -0.00091233 0.0011868 0 92.2894 583.871 298.407 0 
1 22 0 0 0 0 -0.000102686 0.000131242 1.48465e-05 0.0001673 0 92.2894 583.871 298.407 0 
166 3
1 22 0 0 0 0 0.000571961 -0.0020146 -0.00425785 0.004745 0 161.318 561.263 1.29512 0 
1 22 0 0 0 0 -5.00712e-05 -0.000874822 0.000800421 0.0011868 0 161.318 561.263 1.29512 0 
1 22 0 0 0 0 6.25414e-05 9.14965e-05 0.000125325 0.0001673 0 161.318 561.263 1.29512 0 
167 4
1 22 0 0 0 0 0.00153874 -0.000821969 -0.00122332 0.0021307 0 -180.289 564.58 284.613 0 
1 22 0 0 0 0 -0.00216772 -0.00112689 0.000930417 0.0026143 0 -180.289 564.58 284.613 0 
1 22 0 0 0 0 0.000752676 -0.000419894 -0.000815881 0.0011868 0 -180.289 564.58 284.613 0 
1 22 0 0 0 0 -4.36387e-05 -0.000150562 -5.84471e-05 0.0001673 0 -180.289 564.58 284.613 0 
168 3
1 22 0 0 0 0 0.000128101 0.00317811 -0.00352111 0.004745 0 290.237 551.361 585.518 0 
1 22 0 0 0 0 0.000620114 -0.000923689 -0.000413221 0.0011868 0 290.237 551.361 585.518 0 
1 22 0 0 0 0 -0.000142387 -5.07416e-05 7.16978e-05 0.0001673 0 290.237 551.361 585.518 0 
169 3
1 22 0 0 0 0 0.00371619 0.00104751 0.00275821 0.004745 0 156.705 583.031 411.687 0 
1 22 0 0 0 0 -0.000978463 0.000414959 0.000528122 0.0011868 0 156.705 583.031 411.687 0 
1 22 0 0 0 0 -0.000146065 -6.93968e-06 -8.12778e-05 0.0001673 0 156.705 583.031 411.687 0 
170 2
1 22 0 0 0 0 0.000613289 0.00434214 -0.00345375 0.005582 0 71.5281 591.247 269.875 0 
1 22 0 0 0 0 -0.000273114 -0.000435618 4.36077e-05 0.000516 0 71.5281 591.247 269.875 0 
171 5
1 22 0 0 0 0 0.00211738 -6.94373e-06 -0.000237755 0.0021307 0 71.2967 577.732 125.357 0 
1 22 0 0 0 0 0.000710653 0.00250664 0.000215176 0.0026143 0 71.2967 577.732 125.357 0 
1 22 0 0 0 0 -0.000387249 -0.0006954 0.000261148 0.0008377 0 71.2967 577.732 125.357 0 
1 22 0 0 0 0 -0.000290135 -0.000165511 -0.000100096 0.0003487 0 71.2967 577.732 125.357 0 
1 22 0 0 0 0 -7.38486e-05 -0.000135202 6.52381e-05 0.0001673 0 71.2967 577.732 125.357 0 
172 4
1 22 0 0 0 0 -0.00263668 0.00108722 0.00235772 0.0037004 0 -131.392 586.892 566.312 0 
1 22 0 0 0 0 0.000454621 0.000866727 -0.000364234 0.0010443 0 -131.392 586.892 566.312 0 
1 22 0 0 0 0 0.000960888 -0.000689873 -9.62461e-05 0.0011868 0 -131.392 586.892 566.312 0 
1 22 0 0 0 0 -5.82736e-05 -0.000145192 -5.9268e-05 0.0001673 0 -131.392 586.892 566.312 0 
173 4
1 22 0 0 0 0 0.0016549 -0.00263804 -0.000475166 0.0031502 0 -120.377 593.082 164.736 0 
1 22 0 0 0 0 -0.000829496 0.00228121 0.000158331 0.0024325 0 -120.377 593.082 164.736 0 
1 22 0 0 0 0 -0.000111124 -0.000323421 -6.81309e-05 0.0003487 0 -120.377 593.082 164.736 0 
1 22 0 0 0 0 -3.80356e-05 8.41788e-05 0.000139487 0.0001673 0 -120.377 593.082 164.736 0 
174 3
1 22 0 0 0 0 0.00205821 -0.00259337 -0.003399 0.004745 0 19.3906 582.5 231.157 0 
1 22 0 0 0 0 0.000177153 0.00103327 -0.000556294 0.0011868 0 19.3906 582.5 231.157 0 
1 22 0 0 0 0 5.51434e-05 -1.58365e-05 0.000157155 0.0001673 0 19.3906 582.5 231.157 0 
175 3
1 22 0 0 0 0 0.00315622 0.00238638 -0.00261887 0.004745 0 140.062 588.707 245.668 0 
1 22 0 0 0 0 0.000507139 6.65721e-05 -0.00107092 0.0011868 0 140.062 588.707 245.668 0 
1 22 0 0 0 0 -0.000102313 0.000110709 -7.25592e-05 0.0001673 0 140.062 588.707 245.668 0 
176 4
1 22 0 0 0 0 0.00254837 -0.000720747 0.000818049 0.0027718 0 -60.1049 369.744 361.834 0 
1 22 0 0 0 0 -0.000946405 -0.000222583 -0.00263698 0.0028105 0 -60.1049 369.744 361.834 0 
1 22 0 0 0 0 9.69367e-05 -3.19664e-05 0.000333426 0.0003487 0 -60.1049 369.744 361.834 0 
1 22 0 0 0 0 -9.34513e-05 -0.000134955 -3.22983e-05 0.0001673 0 -60.1049 369.744 361.834 0 
177 3
1 22 0 0 0 0 0.00477415 0.00106871 0.00268776 0.005582 0 78.8429 514.208 212.273 0 
1 22 0 0 0 0 0.000296489 0.000152336 0.00010237 0.0003487 0 78.8429 514.208 212.273 0 
1 22 0 0 0 0 -6.68145e-05 7.14362e-05 0.000135728 0.0001673 0 78.8429 514.208 212.273 0 
178 3
1 22 0 0 0 0 -0.00189377 0.00159493 0.00404782 0.004745 0 337.721 451.522 253.663 0 
1 22 0 0 0 0 0.00113253 -0.000229343 -0.000270675 0.0011868 0 337.721 451.522 253.663 0 
1 22 0 0 0 0 7.62987e-05 2.38912e-06 -0.000148869 0.0001673 0 337.721 451.522 253.663 0 
179 3
1 22 0 0 0 0 -0.00241941 -0.0015655 -0.00376971 0.004745 0 -228.06 552.6 361.435 0 
1 22 0 0 0 0 -0.000749441 -0.000678113 0.00062209 0.0011868 0 -228.06 552.6 361.435 0 
1 22 0 0 0 0 -9.02874e-05 -0.000126742 6.14333e-05 0.0001673 0 -228.06 552.6 361.435 0 
180 3
1 22 0 0 0 0 0.000165317 0.00195837 0.00431885 0.004745 0 253.105 558.126 699.542 0 
1 22 0 0 0 0 0.000195869 -0.000373843 0.00110922 0.0011868 0 253.105 558.126 699.542 0 
1 22 0 0 0 0 2.06128e-05 0.00014622 -7.86393e-05 0.0001673 0 253.105 558.126 699.542 0 
181 3
1 22 0 0 0 0 0.000289501 -0.00435266 -0.00186698 0.004745 0 228.622 548.027 687.044 0 
1 22 0 0 0 0 -2.44331e-05 -0.00118074 -0.000117274 0.0011868 0 228.622 548.027 687.044 0 
1 22 0 0 0 0 -2.8156e-05 0.000156136 -5.30844e-05 0.0001673 0 228.622 548.027 687.044 0 
182 3
1 22 0 0 0 0 0.00429637 0.00165306 -0.00115049 0.004745 0 201.754 366.308 345.833 0 
1 22 0 0 0 0 -0.00117483 0.000136963 -9.75645e-05 0.0011868 0 201.754 366.308 345.833 0 
1 22 0 0 0 0 5.28148e-06 0.000113069 -0.000123194 0.0001673 0 201.754 366.308 345.833 0 
183 2
1 22 0 0 0 0 -0.000532358 0.00161407 0.00531696 0.005582 0 79.6722 585.374 170.004 0 
1 22 0 0 0 0 -0.000385309 5.78508e-05 0.000338299 0.000516 0 79.6722 585.374 170.004 0 
184 3
1 22 0 0 0 0 -0.00457159 0.000765292 0.00101486 0.004745 0 237.912 585.502 311.268 0 
1 22 0 0 0 0 5.51825e-05 0.00064683 -0.000993509 0.0011868 0 237.912 585.502 311.268 0 
1 22 0 0 0 0 -0.000162377 3.95927e-05 7.4545e-06 0.0001673 0 237.912 585.502 311.268 0 
185 3
1 22 0 0 0 0 -2.81946e-05 -0.00149409 -0.00301554 0.0033655 0 136.543 521.371 66.1151 0 
1 22 0 0 0 0 0.000419718 -0.000103042 0.00252944 0.0025661 0 136.543 521.371 66.1151 0 
1 22 0 0 0 0 4.90578e-05 8.782e-05 0.00013368 0.0001673 0 136.543 521.371 66.1151 0 
186 3
1 22 0 0 0 0 0.00157793 0.000230094 0.00446903 0.004745 0 184.482 537.952 271.984 0 
1 22 0 0 0 0 0.000167119 -0.000484026 0.00107065 0.0011868 0 184.482 537.952 271.984 0 
1 22 0 0 0 0 -9.17505e-05 -9.64389e-05 -0.000101344 0.0001673 0 184.482 537.952 271.984 0 
187 3
1 22 0 0 0 0 -0.00156823 -0.00447784 6.79336e-05 0.004745 0 216.286 557.453 219.37 0 
1 22 0 0 0 0 -0.00100076 0.000268105 0.000578869 0.0011868 0 216.286 557.453 219.37 0 
1 22 0 0 0 0 -2.14616e-05 -0.000100932 -0.000131687 0.0001673 0 216.286 557.453 219.37 0 
188 4
1 22 0 0 0 0 0.000326658 0.00057215 0.00364128 0.0037004 0 163.637 580.04 606.789 0 
1 22 0 0 0 0 -0.000619148 -0.000705274 -0.000458047 0.0010443 0 163.637 580.04 606.789 0 
1 22 0 0 0 0 -0.000233873 -0.000544054 -0.0010285 0.0011868 0 163.637 580.04 606.789 0 
1 22 0 0 0 0 0.000120894 -6.04224e-05 -9.86057e-05 0.0001673 0 163.637 580.04 606.789 0 
189 3
1 22 0 0 0 0 -0.00228039 0.00113194 -0.00220116 0.0033655 0 244.972 464.88 298.803 0 
1 22 0 0 0 0 -0.00196896 -0.00110821 -0.00121654 0.0025661 0 244.972 464.88 298.803 0 
1 22 0 0 0 0 -7.90046e-05 5.09636e-05 -0.000138384 0.0001673 0 244.972 464.88 298.803 0 
190 3
1 22 0 0 0 0 0.00185095 -0.00245076 -0.000701058 0.0031502 0 243.436 318.595 433.844 0 
1 22 0 0 0 0 0.00186653 0.00173835 0.00111023 0.0027818 0 243.436 318.595 433.844 0 
1 22 0 0 0 0 -1.56726e-05 -0.000140883 8.88577e-05 0.0001673 0 243.436 318.595 433.844 0 
191 2
1 22 0 0 0 0 -0.00330856 0.00445865 -0.000576666 0.005582 0 278.15 570.534 231.639 0 
1 22 0 0 0 0 0.000402131 -0.000194252 -0.000258481 0.000516 0 278.15 570.534 231.639 0 
192 2
1 22 0 0 0 0 -0.003436 -0.00438801 -0.000312988 0.005582 0 204.586 546.103 31.502 0 
1 22 0 0 0 0 -0.000120665 0.000490859 -0.0001037 0.000516 0 204.586 546.103 31.502 0 
193 3
1 22 0 0 0 0 -0.00428545 0.00195764 -0.000563573 0.004745 0 83.2007 304.251 118.328 0 
1 22 0 0 0 0 0.000365712 0.000703739 -0.000269717 0.0008377 0 83.2007 304.251 118.328 0 
1 22 0 0 0 0 -2.61849e-05 -0.000407713 -0.000315184 0.000516 0 83.2007 304.251 118.328 0 
194 3
1 22 0 0 0 0 0.00193485 0.00312039 -0.00300575 0.004745 0 344.071 571.055 226.26 0 
1 22 0 0 0 0 0.00012612 -0.000685177 -0.000960792 0.0011868 0 344.071 571.055 226.26 0 
1 22 0 0 0 0 -3.24785e-05 -5.80578e-05 -0.000153505 0.0001673 0 344.071 571.055 226.26 0 
195 3
1 22 0 0 0 0 -0.00343922 0.00155988 0.0028729 0.004745 0 -108.44 392.549 85.2778 0 
1 22 0 0 0 0 -0.000931723 -0.000734329 3.38848e-05 0.0011868 0 -108.44 392.549 85.2778 0 
1 22 0 0 0 0 0.000106193 7.83785e-05 -0.000102806 0.0001673 0 -108.44 392.549 85.2778 0 
196 2
1 22 0 0 0 0 -0.00236257 0.00427191 0.00270698 0.005582 0 82.3744 586.628 330.051 0 
1 22 0 0 0 0 -0.000228702 -0.000290759 0.000359737 0.000516 0 82.3744 586.628 330.051 0 
197 3
1 22 0 0 0 0 -0.000759409 0.0024911 0.00177242 0.0031502 0 127.839 587.737 6.91873 0 
1 22 0 0 0 0 -0.000702584 0.00252428 -0.000934243 0.0027818 0 127.839 587.737 6.91873 0 
1 22 0 0 0 0 5.35066e-06 -0.000121255 0.000115143 0.0001673 0 127.839 587.737 6.91873 0 
198 4
1 22 0 0 0 0 0.00119679 -0.00305204 -0.0017163 0.0037004 0 191.425 591.449 209.978 0 
1 22 0 0 0 0 -0.000320684 0.000991874 6.25306e-05 0.0010443 0 191.425 591.449 209.978 0 
1 22 0 0 0 0 -5.31443e-05 -0.000590157 -0.00102829 0.0011868 0 191.425 591.449 209.978 0 
1 22 0 0 0 0 -4.78785e-05 -0.000160296 1.50223e-06 0.0001673 0 191.425 591.449 209.978 0 
199 2
1 22 0 0 0 0 0.00370218 0.00201076 0.00366188 0.005582 0 290.474 501.13 48.664 0 
1 22 0 0 0 0 0.00047947 -8.32475e-05 -0.000171564 0.000516 0 290.474 501.13 48.664 0 
