0 2
1 22 0 0 0 0 -0.00529945 -0.000406873 0.00170557 0.005582 0 185.702 563.616 541.004 0 
1 22 0 0 0 0 0.000247043 0.000445355 -8.29753e-05 0.000516 0 185.702 563.616 541.004 0 
1 3
1 22 0 0 0 0 0.00365988 0.00301776 -0.000115984 0.004745 0 267.692 586.061 91.3319 0 
1 22 0 0 0 0 -0.000774847 -0.000861445 -0.000256943 0.0011868 0 267.692 586.061 91.3319 0 
1 22 0 0 0 0 9.49001e-05 -9.49486e-05 9.984e-05 0.0001673 0 267.692 586.061 91.3319 0 
2 4
1 22 0 0 0 0 -0.00133628 -0.00240025 0.000368798 0.0027718 0 -7.27356 583.139 588.597 0 
1 22 0 0 0 0 -0.00120604 0.000991946 0.00120527 0.0019726 0 -7.27356 583.139 588.597 0 
1 22 0 0 0 0 0.000954247 0.000236582 -0.000664782 0.0011868 0 -7.27356 583.139 588.597 0 
1 22 0 0 0 0 5.36235e-05 0.000157331 -1.89914e-05 0.0001673 0 -7.27356 583.139 588.597 0 
3 4
1 22 0 0 0 0 0.000817086 0.0028092 -0.00226578 0.0037004 0 256.063 542.767 163.781 0 
1 22 0 0 0 0 0.000640771 -4.91581e-05 -0.00082314 0.0010443 0 256.063 542.767 163.781 0 
1 22 0 0 0 0 -0.000682844 -0.000276988 -0.000398426 0.0008377 0 256.063 542.767 163.781 0 
1 22 0 0 0 0 0.000362161 -0.000294484 -0.000219942 0.000516 0 256.063 542.767 163.781 0 
4 4
1 22 0 0 0 0 -0.00439717 -0.000256764 -0.00176464 0.004745 0 -224.874 329.479 326.629 0 
1 22 0 0 0 0 0.000166186 -0.000266995 0.000776426 0.0008377 0 -224.874 329.479 326.629 0 
1 22 0 0 0 0 -0.000141007 3.29345e-06 -0.000318901 0.0003487 0 -224.874 329.479 326.629 0 
1 22 0 0 0 0 -0.000109836 6.95603e-05 0.000105294 0.0001673 0 -224.874 329.479 326.629 0 
5 3
1 22 0 0 0 0 -0.0026603 -0.000735123 -0.000255453 0.0027718 0 125.326 490.356 578.355 0 
1 22 0 0 0 0 -0.000309257 -4.98467e-05 -0.00279299 0.0028105 0 125.326 490.356 578.355 0 
1 22 0 0 0 0 -0.00017875 -5.44361e-05 -0.000480979 0.000516 0 125.326 490.356 578.355 0 
6 4
1 22 0 0 0 0 -0.00326561 0.000209075 -0.00172773 0.0037004 0 5.01695 587.162 27.0515 0 
1 22 0 0 0 0 -0.000395921 -0.000916229 0.000307139 0.0010443 0 5.01695 587.162 27.0515 0 
1 22 0 0 0 0 0.00112626 0.000166476 -0.000335129 0.0011868 0 5.01695 587.162 27.0515 0 
1 22 0 0 0 0 0.000164853 -5.21161e-06 -2.80261e-05 0.0001673 0 5.01695 587.162 27.0515 0 
7 3
1 22 0 0 0 0 0.00304914 0.00362904 0.000218799 0.004745 0 239.992 590.646 678.821 0 
1 22 0 0 0 0 0.000780143 0.00051122 0.000733842 0.0011868 0 239.992 590.646 678.821 0 
1 22 0 0 0 0 0.000135863 -9.49516e-05 -2.26896e-05 0.0001673 0 239.992 590.646 678.821 0 
8 3
1 22 0 0 0 0 0.000131304 0.00224855 -0.00161545 0.0027718 0 244.973 587.568 247.407 0 
1 22 0 0 0 0 -0.00122263 0.00246771 -0.000560809 0.0028105 0 244.973 587.568 247.407 0 
1 22 0 0 0 0 -2.02981e-05 0.000461909 0.000229095 0.000516 0 244.973 587.568 247.407 0 
9 2
1 22 0 0 0 0 -0.00214119 0.00127806 -0.00499406 0.005582 0 306.145 492.768 504.371 0 
1 22 0 0 0 0 0.00035827 4.15766e-05 -0.000369012 0.000516 0 306.145 492.768 504.371 0 
10 4
1 22 0 0 0 0 0.00128735 -0.00165075 0.000397025 0.0021307 0 -105.571 365.477 430.467 0 
1 22 0 0 0 0 -0.00113374 9.59158e-05 0.00325889 0.0034518 0 -105.571 365.477 430.467 0 
1 22 0 0 0 0 -0.000314076 -0.000117001 9.62216e-05 0.0003487 0 -105.571 365.477 430.467 0 
1 22 0 0 0 0 -2.64339e-05 0.000148836 7.16818e-05 0.0001673 0 -105.571 365.477 430.467 0 
11 3
1 22 0 0 0 0 -0.00064099 0.000116072 0.00308211 0.0031502 0 269.854 567.364 180.547 0 
1 22 0 0 0 0 0.00129435 -0.000830304 0.00188476 0.0024325 0 269.854 567.364 180.547 0 
1 22 0 0 0 0 -7.16949e-05 -0.0005089 4.62261e-05 0.000516 0 269.854 567.364 180.547 0 
12 4
1 22 0 0 0 0 -0.0035567 0.0010034 -0.00018984 0.0037004 0 -198.427 470.975 30.0089 0 
1 22 0 0 0 0 -0.000532944 0.000427487 0.000789802 0.0010443 0 -198.427 470.975 30.0089 0 
1 22 0 0 0 0 -0.000479082 -0.00104238 -0.00030399 0.0011868 0 -198.427 470.975 30.0089 0 
1 22 0 0 0 0 4.16384e-05 0.000161229 1.61439e-05 0.0001673 0 -198.427 470.975 30.0089 0 
13 3
1 22 0 0 0 0 0.000545505 0.00191342 -0.0043077 0.004745 0 244.936 589.769 455.582 0 
1 22 0 0 0 0 0.000827932 0.000773443 -0.000353282 0.0011868 0 244.936 589.769 455.582 0 
1 22 0 0 0 0 -9.87076e-05 8.52486e-05 -0.00010478 0.0001673 0 244.936 589.769 455.582 0 
14 3
1 22 0 0 0 0 0.00364051 0.00265786 -0.0014824 0.004745 0 163.518 498.514 227.468 0 
1 22 0 0 0 0 -0.000677698 0.000769639 -0.000597389 0.0011868 0 163.518 498.514 227.468 0 
1 22 0 0 0 0 -4.00452e-05 -1.34442e-05 0.000161879 0.0001673 0 163.518 498.514 227.468 0 
15 3
1 22 0 0 0 0 0.00327092 0.00284729 -0.00192589 0.004745 0 315.829 340.856 552.57 0 
1 22 0 0 0 0 -0.000570498 -0.000499866 -0.000355538 0.0008377 0 315.829 340.856 552.57 0 
1 22 0 0 0 0 9.6324e-05 0.000416542 -0.000288912 0.000516 0 315.829 340.856 552.57 0 
16 2
1 22 0 0 0 0 -0.0046181 -0.00160128 0.00269589 0.005582 0 179.863 583.967 243.373 0 
1 22 0 0 0 0 0.000365494 0.000231886 0.00028089 0.000516 0 179.863 583.967 243.373 0 
17 3
1 22 0 0 0 0 -0.00269345 0.003737 0.00113807 0.004745 0 342.639 597.892 88.7762 0 
1 22 0 0 0 0 0.000823485 9.20605e-05 -0.000123039 0.0008377 0 342.639 597.892 88.7762 0 
1 22 0 0 0 0 -0.000344022 0.000357708 -0.000141245 0.000516 0 342.639 597.892 88.7762 0 
18 3
1 22 0 0 0 0 0.00267515 -0.000506773 -0.0038861 0.004745 0 156.344 566.99 270.705 0 
1 22 0 0 0 0 0.000274008 -0.000534876 -0.00102339 0.0011868 0 156.344 566.99 270.705 0 
1 22 0 0 0 0 -6.79206e-05 -0.000127922 -8.37381e-05 0.0001673 0 156.344 566.99 270.705 0 
19 3
1 22 0 0 0 0 0.00180157 0.00235879 -0.00105556 0.0031502 0 120.542 541.891 188.893 0 
1 22 0 0 0 0 -0.00271694 0.000266354 0.000534505 0.0027818 0 120.542 541.891 188.893 0 
1 22 0 0 0 0 -2.4756e-05 -7.88582e-05 -0.000145457 0.0001673 0 120.542 541.891 188.893 0 
20 3
1 22 0 0 0 0 -0.00328925 -0.00242072 -0.00241578 0.004745 0 -13.4463 574.067 473.991 0 
1 22 0 0 0 0 0.000573243 0.00102782 0.000153201 0.0011868 0 -13.4463 574.067 473.991 0 
1 22 0 0 0 0 -6.72853e-06 2.9964e-05 0.000164457 0.0001673 0 -13.4463 574.067 473.991 0 
21 3
1 22 0 0 0 0 -0.00436728 0.00164058 0.000866242 0.004745 0 63.5009 559.813 322.733 0 
1 22 0 0 0 0 0.0010298 0.000433076 -0.000400561 0.0011868 0 63.5009 559.813 322.733 0 
1 22 0 0 0 0 0.000112828 6.40102e-05 -0.000105649 0.0001673 0 63.5009 559.813 322.733 0 
22 3
1 22 0 0 0 0 0.0034952 -0.00319905 -0.000254326 0.004745 0 253.738 567.359 54.4715 0 
1 22 0 0 0 0 -0.000845799 -0.00059584 -0.000581458 0.0011868 0 253.738 567.359 54.4715 0 
1 22 0 0 0 0 -6.88773e-05 0.000125723 -8.62489e-05 0.0001673 0 253.738 567.359 54.4715 0 
23 3
1 22 0 0 0 0 0.000843745 -0.00466937 1.07344e-05 0.004745 0 301.824 546.193 129.743 0 
1 22 0 0 0 0 0.000464545 0.00109031 -6.25068e-05 0.0011868 0 301.824 546.193 129.743 0 
1 22 0 0 0 0 0.000158431 -5.37424e-05 7.48695e-07 0.0001673 0 301.824 546.193 129.743 0 
24 2
1 22 0 0 0 0 0.00302792 0.00180918 0.00432634 0.005582 0 -46.7484 441.629 212.416 0 
1 22 0 0 0 0 -0.000237875 0.000434669 0.000143996 0.000516 0 -46.7484 441.629 212.416 0 
25 3
1 22 0 0 0 0 0.00268603 0.00227886 0.00317916 0.004745 0 307.332 588.431 196.379 0 
1 22 0 0 0 0 0.000915235 -0.000360807 -0.00066382 0.0011868 0 307.332 588.431 196.379 0 
1 22 0 0 0 0 -8.89818e-05 0.000137908 3.24465e-05 0.0001673 0 307.332 588.431 196.379 0 
26 3
1 22 0 0 0 0 0.00152842 0.00252548 -0.00161631 0.0033655 0 34.335 485.974 189.749 0 
1 22 0 0 0 0 -0.00166061 -0.00162246 -0.0010931 0.0025661 0 34.335 485.974 189.749 0 
1 22 0 0 0 0 3.7461e-06 -0.000158246 -5.41612e-05 0.0001673 0 34.335 485.974 189.749 0 
27 3
1 22 0 0 0 0 0.00143407 -0.000815867 -0.00444891 0.004745 0 126.146 592.065 83.7685 0 
1 22 0 0 0 0 -0.00108485 0.000307036 -0.000370579 0.0011868 0 126.146 592.065 83.7685 0 
1 22 0 0 0 0 -2.57303e-05 0.000102147 -0.000129974 0.0001673 0 126.146 592.065 83.7685 0 
28 3
1 22 0 0 0 0 0.00163171 -0.00118703 0.00429459 0.004745 0 259.257 585.029 153.814 0 
1 22 0 0 0 0 -0.000526099 0.000295644 0.00102191 0.0011868 0 259.257 585.029 153.814 0 
1 22 0 0 0 0 0.000159715 4.95922e-05 4.59671e-06 0.0001673 0 259.257 585.029 153.814 0 
29 3
1 22 0 0 0 0 -0.00347225 -0.00279201 0.00336257 0.005582 0 134.406 432.457 47.8089 0 
1 22 0 0 0 0 0.000147107 0.000126821 0.000289599 0.0003487 0 134.406 432.457 47.8089 0 
1 22 0 0 0 0 4.65983e-05 0.00011857 -0.000108439 0.0001673 0 134.406 432.457 47.8089 0 
30 3
1 22 0 0 0 0 -0.00224169 0.00231555 0.00348254 0.004745 0 10.411 591.994 290.88 0 
1 22 0 0 0 0 0.000964002 -0.000686572 8.83919e-05 0.0011868 0 10.411 591.994 290.88 0 
1 22 0 0 0 0 -1.30317e-05 -0.000121954 -0.000113783 0.0001673 0 10.411 591.994 290.88 0 
31 4
1 22 0 0 0 0 -0.00215226 -0.00102523 -0.00141405 0.0027718 0 50.7764 598.165 670.81 0 
1 22 0 0 0 0 3.22307e-05 0.00121097 -0.00155681 0.0019726 0 50.7764 598.165 670.81 0 
1 22 0 0 0 0 0.000849025 -0.000725297 0.000401989 0.0011868 0 50.7764 598.165 670.81 0 
1 22 0 0 0 0 4.51026e-05 0.000155804 4.09883e-05 0.0001673 0 50.7764 598.165 670.81 0 
32 3
1 22 0 0 0 0 0.00244807 -0.000668486 -0.00111488 0.0027718 0 330.298 581.067 134.686 0 
1 22 0 0 0 0 0.00211826 -0.000111276 -0.00184377 0.0028105 0 330.298 581.067 134.686 0 
1 22 0 0 0 0 -0.000459718 -0.000214608 -9.41211e-05 0.000516 0 330.298 581.067 134.686 0 
33 3
1 22 0 0 0 0 -0.00344397 -0.00317287 -0.000766164 0.004745 0 84.3405 347.477 353.086 0 
1 22 0 0 0 0 0.000537012 0.00105478 8.68893e-05 0.0011868 0 84.3405 347.477 353.086 0 
1 22 0 0 0 0 0.000131769 0.000100802 -2.1572e-05 0.0001673 0 84.3405 347.477 353.086 0 
34 3
1 22 0 0 0 0 -0.00238934 0.00147875 0.00382353 0.004745 0 105.585 554.979 509.648 0 
1 22 0 0 0 0 -0.000198677 -0.000744996 0.000902221 0.0011868 0 105.585 554.979 509.648 0 
1 22 0 0 0 0 6.78442e-06 9.69603e-05 -0.000136169 0.0001673 0 105.585 554.979 509.648 0 
35 3
1 22 0 0 0 0 -0.00156128 0.000332025 -0.0014114 0.0021307 0 151.938 189.3 151.267 0 
1 22 0 0 0 0 -0.00235156 -0.00155111 -0.00199479 0.0034518 0 151.938 189.3 151.267 0 
1 22 0 0 0 0 -0.00026556 0.000419694 0.000139968 0.000516 0 151.938 189.3 151.267 0 
36 4
1 22 0 0 0 0 -0.00253661 0.00262794 0.000593695 0.0037004 0 152.718 495.183 383.682 0 
1 22 0 0 0 0 -0.000333672 0.000305982 -0.000941064 0.0010443 0 152.718 495.183 383.682 0 
1 22 0 0 0 0 0.000217924 -0.000796713 -0.000139636 0.0008377 0 152.718 495.183 383.682 0 
1 22 0 0 0 0 0.000412699 -0.000104241 -0.000291666 0.000516 0 152.718 495.183 383.682 0 
37 3
1 22 0 0 0 0 -0.000154026 -0.00128266 0.00310767 0.0033655 0 347.095 377.906 508.024 0 
1 22 0 0 0 0 2.81213e-05 0.00254271 -0.000344525 0.0025661 0 347.095 377.906 508.024 0 
1 22 0 0 0 0 -0.000160725 9.11371e-06 4.55363e-05 0.0001673 0 347.095 377.906 508.024 0 
38 2
1 22 0 0 0 0 -0.00240634 0.000586951 -0.00500237 0.005582 0 220.453 590.765 11.4688 0 
1 22 0 0 0 0 4.13087e-05 -0.000335869 -0.00038954 0.000516 0 220.453 590.765 11.4688 0 
39 2
1 22 0 0 0 0 -0.00540285 0.000709336 -0.00121029 0.005582 0 320.945 587.144 171.856 0 
1 22 0 0 0 0 0.000490517 -4.13392e-05 0.000154724 0.000516 0 320.945 587.144 171.856 0 
40 3
1 22 0 0 0 0 -0.00119143 0.000863438 -0.0045111 0.004745 0 198.02 443.171 677.393 0 
1 22 0 0 0 0 -0.000224979 0.00095673 -0.000665242 0.0011868 0 198.02 443.171 677.393 0 
1 22 0 0 0 0 0.000132147 7.35197e-05 7.15634e-05 0.0001673 0 198.02 443.171 677.393 0 
41 3
1 22 0 0 0 0 -0.00339525 0.00421797 -0.00135635 0.005582 0 165.113 539.896 314.869 0 
1 22 0 0 0 0 0.000257859 9.06358e-05 0.000216531 0.0003487 0 165.113 539.896 314.869 0 
1 22 0 0 0 0 -3.84176e-07 0.00013355 0.000100765 0.0001673 0 165.113 539.896 314.869 0 
42 3
1 22 0 0 0 0 0.00092329 -0.00300965 -0.000115361 0.0031502 0 1.05931 589.037 148.484 0 
1 22 0 0 0 0 0.00200828 -0.00148616 0.00122333 0.0027818 0 1.05931 589.037 148.484 0 
1 22 0 0 0 0 7.14362e-05 -6.65447e-05 0.00013586 0.0001673 0 1.05931 589.037 148.484 0 
43 3
1 22 0 0 0 0 -0.0013646 0.000246329 0.00343077 0.0037004 0 -333.504 590.222 190.785 0 
1 22 0 0 0 0 0.000530751 -0.00179745 -0.000165838 0.0018815 0 -333.504 590.222 190.785 0 
1 22 0 0 0 0 -0.000316565 0.000313347 0.000260492 0.000516 0 -333.504 590.222 190.785 0 
44 3
1 22 0 0 0 0 -0.00419836 0.00220952 8.29046e-05 0.004745 0 99.0323 431.228 214.994 0 
1 22 0 0 0 0 5.58581e-05 -0.0010429 -0.000563676 0.0011868 0 99.0323 431.228 214.994 0 
1 22 0 0 0 0 -9.13609e-05 -0.000116993 -7.71693e-05 0.0001673 0 99.0323 431.228 214.994 0 
45 4
1 22 0 0 0 0 0.000387903 -0.00141004 -0.00154958 0.0021307 0 245.098 487.759 275.336 0 
1 22 0 0 0 0 0.00328334 0.00077589 -0.000729775 0.0034518 0 245.098 487.759 275.336 0 
1 22 0 0 0 0 -0.000237594 9.12791e-05 0.000238347 0.0003487 0 245.098 487.759 275.336 0 
1 22 0 0 0 0 -8.47224e-05 0.000144196 -4.36373e-06 0.0001673 0 245.098 487.759 275.336 0 
46 3
1 22 0 0 0 0 -0.00201392 -0.000388961 -0.00239094 0.0031502 0 108.283 583.498 543.257 0 
1 22 0 0 0 0 0.00229568 -0.00114964 0.00107079 0.0027818 0 108.283 583.498 543.257 0 
1 22 0 0 0 0 -0.000135113 -9.36452e-05 3.1052e-05 0.0001673 0 108.283 583.498 543.257 0 
47 3
1 22 0 0 0 0 0.000240098 1.03909e-05 0.00473891 0.004745 0 195.046 522.561 389.176 0 
1 22 0 0 0 0 -0.000514906 0.000253948 0.00103869 0.0011868 0 195.046 522.561 389.176 0 
1 22 0 0 0 0 -8.46858e-05 -0.000143074 -1.86383e-05 0.0001673 0 195.046 522.561 389.176 0 
48 3
1 22 0 0 0 0 -0.00146646 -0.00196286 0.00406346 0.004745 0 -119.553 369.521 204.507 0 
1 22 0 0 0 0 0.000165585 -0.000501635 -0.000650142 0.0008377 0 -119.553 369.521 204.507 0 
1 22 0 0 0 0 0.000416777 0.000211985 -0.00021821 0.000516 0 -119.553 369.521 204.507 0 
49 3
1 22 0 0 0 0 0.00361622 -0.00124009 -0.00281072 0.004745 0 -250.114 572.986 115.506 0 
1 22 0 0 0 0 -0.000504251 -0.000890418 0.00060115 0.0011868 0 -250.114 572.986 115.506 0 
1 22 0 0 0 0 -0.000111591 -8.95642e-05 8.66889e-05 0.0001673 0 -250.114 572.986 115.506 0 
50 2
1 22 0 0 0 0 -0.00246132 0.00265116 0.00425111 0.005582 0 79.0059 560.677 238.925 0 
1 22 0 0 0 0 -0.000410876 -0.000151478 -0.000272931 0.000516 0 79.0059 560.677 238.925 0 
51 3
1 22 0 0 0 0 -0.000707984 -0.0010142 0.00348757 0.0037004 0 -236.927 557.819 407.3 0 
1 22 0 0 0 0 0.000728963 -0.00159538 0.00068074 0.0018815 0 -236.927 557.819 407.3 0 
1 22 0 0 0 0 0.000455577 -0.000235566 5.66931e-05 0.000516 0 -236.927 557.819 407.3 0 
52 3
1 22 0 0 0 0 0.000662339 -0.00396468 -0.00252143 0.004745 0 331.7 323.227 133.907 0 
1 22 0 0 0 0 0.000498768 -0.000428827 -0.000987842 0.0011868 0 331.7 323.227 133.907 0 
1 22 0 0 0 0 -7.124e-06 -5.17765e-07 0.000167147 0.0001673 0 331.7 323.227 133.907 0 
53 2
1 22 0 0 0 0 0.00303778 0.00390355 -0.00258706 0.005582 0 57.5421 452.014 688.245 0 
1 22 0 0 0 0 9.09189e-05 0.000427562 0.00027419 0.000516 0 57.5421 452.014 688.245 0 
54 3
1 22 0 0 0 0 -0.00100955 0.00185038 -0.00179994 0.0027718 0 91.7504 503.009 373.007 0 
1 22 0 0 0 0 -0.00208712 0.000689445 -0.00175143 0.0028105 0 91.7504 503.009 373.007 0 
1 22 0 0 0 0 0.000493759 9.84305e-05 -0.000113004 0.000516 0 91.7504 503.009 373.007 0 
55 3
1 22 0 0 0 0 -0.00113062 -0.00272224 0.00162411 0.0033655 0 -89.8273 592.804 85.136 0 
1 22 0 0 0 0 -0.000485411 -0.00143556 -0.00207085 0.0025661 0 -89.8273 592.804 85.136 0 
1 22 0 0 0 0 -0.000101587 5.97479e-05 -0.000118741 0.0001673 0 -89.8273 592.804 85.136 0 
56 3
1 22 0 0 0 0 -0.0022208 0.00120175 -0.00188351 0.0031502 0 128.578 580.433 639.717 0 
1 22 0 0 0 0 0.00089546 0.00175092 0.00196745 0.0027818 0 128.578 580.433 639.717 0 
1 22 0 0 0 0 8.75499e-05 -2.66361e-05 -0.000140053 0.0001673 0 128.578 580.433 639.717 0 
57 3
1 22 0 0 0 0 0.00242676 -0.00133539 -0.00385261 0.004745 0 -38.6101 494.156 593.643 0 
1 22 0 0 0 0 0.000951423 0.000459118 -0.000540832 0.0011868 0 -38.6101 494.156 593.643 0 
1 22 0 0 0 0 0.000146775 -1.53345e-06 -8.02756e-05 0.0001673 0 -38.6101 494.156 593.643 0 
58 3
1 22 0 0 0 0 -0.00233823 0.00319226 -0.00261863 0.004745 0 87.9901 535.376 168.608 0 
1 22 0 0 0 0 -0.00103708 -0.000368092 -0.000444372 0.0011868 0 87.9901 535.376 168.608 0 
1 22 0 0 0 0 -0.00016715 4.43784e-06 5.50523e-06 0.0001673 0 87.9901 535.376 168.608 0 
59 3
1 22 0 0 0 0 -0.00197656 -0.00201476 -0.00381431 0.004745 0 182.14 590.915 414.49 0 
1 22 0 0 0 0 -0.000492687 -0.000617848 0.000277966 0.0008377 0 182.14 590.915 414.49 0 
1 22 0 0 0 0 2.83485e-05 -0.000506222 9.58757e-05 0.000516 0 182.14 590.915 414.49 0 
60 3
1 22 0 0 0 0 -0.00318108 -0.00295852 0.00350522 0.005582 0 152.669 592.741 419.071 0 
1 22 0 0 0 0 0.000299909 -3.13445e-05 0.000175111 0.0003487 0 152.669 592.741 419.071 0 
1 22 0 0 0 0 -0.000137703 -2.80424e-05 9.07786e-05 0.0001673 0 152.669 592.741 419.071 0 
61 3
1 22 0 0 0 0 -0.00152662 -0.00356888 -0.00272902 0.004745 0 -320.523 503.415 16.1743 0 
1 22 0 0 0 0 2.06217e-05 0.000332816 -0.000768472 0.0008377 0 -320.523 503.415 16.1743 0 
1 22 0 0 0 0 -0.000505477 4.91376e-05 -9.12926e-05 0.000516 0 -320.523 503.415 16.1743 0 
62 3
1 22 0 0 0 0 0.00456348 -0.000141689 -0.00129214 0.004745 0 -281.787 569.597 181.064 0 
1 22 0 0 0 0 -0.000445604 -0.000535225 0.000960971 0.0011868 0 -281.787 569.597 181.064 0 
1 22 0 0 0 0 -0.000142625 4.53346e-05 -7.47812e-05 0.0001673 0 -281.787 569.597 181.064 0 
63 3
1 22 0 0 0 0 -0.00368204 -0.000695631 -0.00291096 0.004745 0 169.866 590.094 193.384 0 
1 22 0 0 0 0 -0.000160559 0.000863374 -0.000798311 0.0011868 0 169.866 590.094 193.384 0 
1 22 0 0 0 0 -6.0681e-05 -5.92843e-05 -0.000144196 0.0001673 0 169.866 590.094 193.384 0 
64 3
1 22 0 0 0 0 -0.00319831 0.00318554 -0.00146225 0.004745 0 -1.95325 579.951 333.72 0 
1 22 0 0 0 0 -0.000107015 0.000381456 -0.00111872 0.0011868 0 -1.95325 579.951 333.72 0 
1 22 0 0 0 0 4.15711e-05 0.00012671 -0.000101023 0.0001673 0 -1.95325 579.951 333.72 0 
65 3
1 22 0 0 0 0 0.0006922 -0.00441889 -0.00158407 0.004745 0 8.08143 24.9177 157.597 0 
1 22 0 0 0 0 0.000411155 0.000589605 0.000944358 0.0011868 0 8.08143 24.9177 157.597 0 
1 22 0 0 0 0 -0.000149739 -5.29052e-05 -5.26178e-05 0.0001673 0 8.08143 24.9177 157.597 0 
66 4
1 22 0 0 0 0 0.00178319 -0.001026 -0.000554481 0.0021307 0 127.696 573.324 70.377 0 
1 22 0 0 0 0 0.00231158 0.000535938 -0.00109723 0.0026143 0 127.696 573.324 70.377 0 
1 22 0 0 0 0 -0.000417665 -0.000119844 0.00110439 0.0011868 0 127.696 573.324 70.377 0 
1 22 0 0 0 0 -1.98507e-06 0.000167133 -7.2065e-06 0.0001673 0 127.696 573.324 70.377 0 
67 3
1 22 0 0 0 0 -0.00439876 -0.00134522 0.0011646 0.004745 0 175.945 537.355 463.452 0 
1 22 0 0 0 0 0.00104686 0.000400637 0.00038995 0.0011868 0 175.945 537.355 463.452 0 
1 22 0 0 0 0 0.000110515 5.15423e-05 -0.000114539 0.0001673 0 175.945 537.355 463.452 0 
68 3
1 22 0 0 0 0 0.00444991 0.00118253 -0.00114671 0.004745 0 -124.472 554.393 180.584 0 
1 22 0 0 0 0 -0.000543856 0.000322802 0.00100425 0.0011868 0 -124.472 554.393 180.584 0 
1 22 0 0 0 0 0.000134548 9.93457e-05 4.06424e-06 0.0001673 0 -124.472 554.393 180.584 0 
69 3
1 22 0 0 0 0 0.00275333 0.000913167 -0.00122844 0.0031502 0 152.623 596.076 539.317 0 
1 22 0 0 0 0 0.00175252 0.00160158 -0.00144984 0.0027818 0 152.623 596.076 539.317 0 
1 22 0 0 0 0 -0.000132357 7.04742e-05 -7.41907e-05 0.0001673 0 152.623 596.076 539.317 0 
70 2
1 22 0 0 0 0 -0.00338542 0.00425121 0.00127471 0.005582 0 -119.374 576.514 259.294 0 
1 22 0 0 0 0 0.000447521 -0.00022453 0.000124768 0.000516 0 -119.374 576.514 259.294 0 
71 3
1 22 0 0 0 0 -0.00317205 -0.00240821 0.00257947 0.004745 0 82.606 582.408 76.8225 0 
1 22 0 0 0 0 0.000488575 -0.000270513 0.00104719 0.0011868 0 82.606 582.408 76.8225 0 
1 22 0 0 0 0 0.000108602 0.000126722 -1.16811e-05 0.0001673 0 82.606 582.408 76.8225 0 
72 3
1 22 0 0 0 0 -0.000691735 -0.0025173 -0.000931438 0.0027718 0 -176.466 461.255 138.487 0 
1 22 0 0 0 0 -0.00189943 0.00178238 0.00105555 0.0028105 0 -176.466 461.255 138.487 0 
1 22 0 0 0 0 0.000244718 0.000414993 0.000184797 0.000516 0 -176.466 461.255 138.487 0 
73 2
1 22 0 0 0 0 0.00339302 -0.00222385 -0.00383414 0.005582 0 34.5685 566.041 334.177 0 
1 22 0 0 0 0 0.000192193 0.000404324 0.000256593 0.000516 0 34.5685 566.041 334.177 0 
74 3
1 22 0 0 0 0 -0.000877542 0.00158414 -0.00438582 0.004745 0 109.795 510.858 484.003 0 
1 22 0 0 0 0 -0.000332159 -0.000521226 0.00101316 0.0011868 0 109.795 510.858 484.003 0 
1 22 0 0 0 0 9.65815e-05 -0.000135958 -1.32915e-05 0.0001673 0 109.795 510.858 484.003 0 
75 3
1 22 0 0 0 0 -0.00180957 -0.00435002 -0.000563713 0.004745 0 201.831 476.732 543.513 0 
1 22 0 0 0 0 0.000825603 0.000103219 0.000846297 0.0011868 0 201.831 476.732 543.513 0 
1 22 0 0 0 0 -7.54279e-05 0.00014242 -4.49047e-05 0.0001673 0 201.831 476.732 543.513 0 
76 3
1 22 0 0 0 0 0.00261239 -0.000297719 -0.0017351 0.0031502 0 26.6453 575.375 208.65 0 
1 22 0 0 0 0 -0.000118342 0.00114378 -0.00253302 0.0027818 0 26.6453 575.375 208.65 0 
1 22 0 0 0 0 0.000109937 7.30121e-05 0.000102822 0.0001673 0 26.6453 575.375 208.65 0 
77 4
1 22 0 0 0 0 0.001913 -0.00172961 -0.00101575 0.0027718 0 349.629 360.254 193.26 0 
1 22 0 0 0 0 -0.00226424 0.00137683 -0.000936194 0.0028105 0 349.629 360.254 193.26 0 
1 22 0 0 0 0 -0.000119262 -1.31062e-05 0.000327409 0.0003487 0 349.629 360.254 193.26 0 
1 22 0 0 0 0 -9.19906e-05 -0.00010913 -8.72799e-05 0.0001673 0 349.629 360.254 193.26 0 
78 3
1 22 0 0 0 0 0.00387792 -0.00146444 -0.00230916 0.004745 0 262.367 514.056 171.636 0 
1 22 0 0 0 0 -0.00116881 -6.66666e-05 -0.000194768 0.0011868 0 262.367 514.056 171.636 0 
1 22 0 0 0 0 -3.48624e-05 0.000157567 -4.41205e-05 0.0001673 0 262.367 514.056 171.636 0 
79 3
1 22 0 0 0 0 -0.00145492 0.0044866 -0.000518313 0.004745 0 297.561 591.784 562.677 0 
1 22 0 0 0 0 -0.000949299 -0.00036754 -0.000610115 0.0011868 0 297.561 591.784 562.677 0 
1 22 0 0 0 0 0.000105093 0.000119241 -5.22152e-05 0.0001673 0 297.561 591.784 562.677 0 
80 3
1 22 0 0 0 0 0.00101037 9.08781e-05 0.00463529 0.004745 0 191.602 573.458 644.729 0 
1 22 0 0 0 0 -0.000368606 0.000403776 -0.00105337 0.0011868 0 191.602 573.458 644.729 0 
1 22 0 0 0 0 -0.000137947 -8.65133e-05 3.84098e-05 0.0001673 0 191.602 573.458 644.729 0 
81 3
1 22 0 0 0 0 0.00170525 0.00394864 -0.00200384 0.004745 0 146.701 531.303 68.2176 0 
1 22 0 0 0 0 0.000537682 0.000986201 -0.000383144 0.0011868 0 146.701 531.303 68.2176 0 
1 22 0 0 0 0 -6.0143e-05 6.02474e-05 0.000144022 0.0001673 0 146.701 531.303 68.2176 0 
82 3
1 22 0 0 0 0 0.00432446 0.0019227 -0.000342498 0.004745 0 -128.131 521.242 512.313 0 
1 22 0 0 0 0 0.000320819 0.00113792 -0.000103445 0.0011868 0 -128.131 521.242 512.313 0 
1 22 0 0 0 0 -0.000147186 -7.24062e-05 -3.29066e-05 0.0001673 0 -128.131 521.242 512.313 0 
83 3
1 22 0 0 0 0 -0.00193529 -0.00274725 -0.00018405 0.0033655 0 223.659 537.067 437.556 0 
1 22 0 0 0 0 0.000623318 0.00184515 -0.00167086 0.0025661 0 223.659 537.067 437.556 0 
1 22 0 0 0 0 -0.000142927 8.6735e-05 6.18701e-06 0.0001673 0 223.659 537.067 437.556 0 
84 3
1 22 0 0 0 0 0.00236115 0.00144348 0.000155659 0.0027718 0 336.118 568.039 291.314 0 
1 22 0 0 0 0 -0.00209544 0.00163577 -0.000912294 0.0028105 0 336.118 568.039 291.314 0 
1 22 0 0 0 0 -0.000172444 0.000326096 -0.000360806 0.000516 0 336.118 568.039 291.314 0 
85 3
1 22 0 0 0 0 -0.000826855 0.00103954 0.00285647 0.0031502 0 343.368 557.16 477.214 0 
1 22 0 0 0 0 0.00135727 0.00237619 -0.000499944 0.0027818 0 343.368 557.16 477.214 0 
1 22 0 0 0 0 0.00015103 6.11959e-05 -3.78705e-05 0.0001673 0 343.368 557.16 477.214 0 
86 3
1 22 0 0 0 0 0.00078439 0.00250874 0.000879665 0.0027718 0 251.306 407.813 193.494 0 
1 22 0 0 0 0 -0.00182674 -0.00213087 -0.000146053 0.0028105 0 251.306 407.813 193.494 0 
1 22 0 0 0 0 -2.15342e-05 -0.000281531 0.000431894 0.000516 0 251.306 407.813 193.494 0 
87 3
1 22 0 0 0 0 -0.00117072 0.00135462 -0.00439425 0.004745 0 -147.716 428.413 45.2085 0 
1 22 0 0 0 0 -0.00062103 0.000356054 -0.000435072 0.0008377 0 -147.716 428.413 45.2085 0 
1 22 0 0 0 0 -0.000184899 -0.000454349 -0.000160109 0.000516 0 -147.716 428.413 45.2085 0 
88 3
1 22 0 0 0 0 0.00112182 -0.00459946 -0.000318563 0.004745 0 129.824 585.512 164.607 0 
1 22 0 0 0 0 0.000940006 0.000619162 -0.000376195 0.0011868 0 129.824 585.512 164.607 0 
1 22 0 0 0 0 0.000109818 -0.000124943 -1.78503e-05 0.0001673 0 129.824 585.512 164.607 0 
89 3
1 22 0 0 0 0 0.00160061 0.00115851 -0.00431404 0.004745 0 77.2605 586.267 232.787 0 
1 22 0 0 0 0 0.00070345 0.000434601 0.000134243 0.0008377 0 77.2605 586.267 232.787 0 
1 22 0 0 0 0 1.96289e-05 0.000483321 -0.000179644 0.000516 0 77.2605 586.267 232.787 0 
90 3
1 22 0 0 0 0 0.0026366 0.000764334 -0.000383422 0.0027718 0 -12.3242 583.617 229.259 0 
1 22 0 0 0 0 0.00280131 -0.000212478 8.00481e-05 0.0028105 0 -12.3242 583.617 229.259 0 
1 22 0 0 0 0 0.00018841 0.000360939 -0.000316987 0.000516 0 -12.3242 583.617 229.259 0 
91 3
1 22 0 0 0 0 0.00174271 0.00249978 0.00363718 0.004745 0 75.9153 372.209 80.7391 0 
1 22 0 0 0 0 0.000982279 0.000498462 -0.000441767 0.0011868 0 75.9153 372.209 80.7391 0 
1 22 0 0 0 0 0.000149398 -3.90932e-05 6.43528e-05 0.0001673 0 75.9153 372.209 80.7391 0 
92 3
1 22 0 0 0 0 0.000259998 0.00273619 -0.00153929 0.0031502 0 116.181 491.088 415.754 0 
1 22 0 0 0 0 -0.00259083 -0.00077021 -0.00065787 0.0027818 0 116.181 491.088 415.754 0 
1 22 0 0 0 0 0.00015922 2.34176e-05 4.57162e-05 0.0001673 0 116.181 491.088 415.754 0 
93 3
1 22 0 0 0 0 -0.00363067 0.00081387 0.00294464 0.004745 0 146.224 591.503 65.5244 0 
1 22 0 0 0 0 1.85269e-05 -0.000320286 -0.000773831 0.0008377 0 146.224 591.503 65.5244 0 
1 22 0 0 0 0 -0.00037574 0.000101447 0.000338798 0.000516 0 146.224 591.503 65.5244 0 
94 3
1 22 0 0 0 0 -0.00199866 0.000285378 -0.00429406 0.004745 0 218.96 576.821 121.095 0 
1 22 0 0 0 0 0.000375426 0.000466759 -0.00102454 0.0011868 0 218.96 576.821 121.095 0 
1 22 0 0 0 0 -0.000148434 -1.91356e-06 7.71547e-05 0.0001673 0 218.96 576.821 121.095 0 
95 3
1 22 0 0 0 0 -0.0029537 -0.00198107 -0.00314103 0.004745 0 316.001 495.164 172.06 0 
1 22 0 0 0 0 -0.000923641 0.000454933 0.000590268 0.0011868 0 316.001 495.164 172.06 0 
1 22 0 0 0 0 -9.034e-05 -0.000100312 -9.882e-05 0.0001673 0 316.001 495.164 172.06 0 
96 2
1 22 0 0 0 0 -0.000500615 -0.00275439 0.00482923 0.005582 0 254.283 133.932 499.129 0 
1 22 0 0 0 0 -3.38439e-05 -0.000463757 0.000223696 0.000516 0 254.283 133.932 499.129 0 
97 3
1 22 0 0 0 0 -0.00147623 0.00119963 0.00317405 0.0037004 0 96.5955 525.781 414.719 0 
1 22 0 0 0 0 0.00187006 6.40615e-05 -0.000196985 0.0018815 0 96.5955 525.781 414.719 0 
1 22 0 0 0 0 0.000401523 -7.62409e-05 -0.000314996 0.000516 0 96.5955 525.781 414.719 0 
98 3
1 22 0 0 0 0 0.00303902 -0.00281025 -0.00231988 0.004745 0 283.653 441.504 417.909 0 
1 22 0 0 0 0 -0.000994989 0.000459123 -0.000455738 0.0011868 0 283.653 441.504 417.909 0 
1 22 0 0 0 0 0.000117449 6.34562e-06 0.000118974 0.0001673 0 283.653 441.504 417.909 0 
99 3
1 22 0 0 0 0 -0.00142437 -0.00166758 0.00255283 0.0033655 0 -112.848 567.266 144.286 0 
1 22 0 0 0 0 0.00124175 0.00203727 -0.000944706 0.0025661 0 -112.848 567.266 144.286 0 
1 22 0 0 0 0 8.15213e-05 -7.76389e-05 -0.000123757 0.0001673 0 -112.848 567.266 144.286 0 
100 3
1 22 0 0 0 0 0.00245029 0.0015514 0.00170758 0.0033655 0 225.371 575.309 74.808 0 
1 22 0 0 0 0 -0.00168934 -0.000602359 0.00183526 0.0025661 0 225.371 575.309 74.808 0 
1 22 0 0 0 0 5.49982e-05 -0.000157573 1.16268e-05 0.0001673 0 225.371 575.309 74.808 0 
101 3
1 22 0 0 0 0 -0.000410904 0.00195254 0.00243772 0.0031502 0 115.815 571.983 310.582 0 
1 22 0 0 0 0 -0.00187951 -0.00154339 -4.95567e-05 0.0024325 0 115.815 571.983 310.582 0 
1 22 0 0 0 0 -6.55007e-05 0.000445907 0.000251261 0.000516 0 115.815 571.983 310.582 0 
102 4
1 22 0 0 0 0 0.000170427 0.00208036 -0.000427713 0.0021307 0 192.408 567.43 138.904 0 
1 22 0 0 0 0 -0.000370425 0.00164677 -0.00199637 0.0026143 0 192.408 567.43 138.904 0 
1 22 0 0 0 0 -0.00074993 -8.83444e-06 -0.000373187 0.0008377 0 192.408 567.43 138.904 0 
1 22 0 0 0 0 -1.62083e-05 -0.000350858 0.000378011 0.000516 0 192.408 567.43 138.904 0 
103 3
1 22 0 0 0 0 -0.00460991 -0.00112271 5.70157e-05 0.004745 0 -94.9028 31.8682 233.501 0 
1 22 0 0 0 0 -0.000160799 -0.00112602 -0.000338693 0.0011868 0 -94.9028 31.8682 233.501 0 
1 22 0 0 0 0 0.000119316 8.84431e-06 -0.000116939 0.0001673 0 -94.9028 31.8682 233.501 0 
104 3
1 22 0 0 0 0 0.000689753 -0.00143998 -0.00264482 0.0030894 0 -216.106 444.141 132.428 0 
1 22 0 0 0 0 0.00243194 -0.00132987 0.000630021 0.0028425 0 -216.106 444.141 132.428 0 
1 22 0 0 0 0 -0.000130105 9.74836e-05 3.94847e-05 0.0001673 0 -216.106 444.141 132.428 0 
105 3
1 22 0 0 0 0 0.00330179 0.000530268 -0.0033663 0.004745 0 250.167 582.768 316.28 0 
1 22 0 0 0 0 0.00106432 0.00052509 -8.34332e-07 0.0011868 0 250.167 582.768 316.28 0 
1 22 0 0 0 0 1.55783e-05 5.85092e-05 -0.000155959 0.0001673 0 250.167 582.768 316.28 0 
106 3
1 22 0 0 0 0 0.00262508 -0.000500187 -0.000735952 0.0027718 0 87.5888 581.799 49.3958 0 
1 22 0 0 0 0 0.0011414 0.00053572 0.0025118 0.0028105 0 87.5888 581.799 49.3958 0 
1 22 0 0 0 0 -0.000290828 0.000254811 -0.000341682 0.000516 0 87.5888 581.799 49.3958 0 
107 3
1 22 0 0 0 0 -0.00297526 0.00131044 0.000870158 0.0033655 0 199.074 589.986 128.989 0 
1 22 0 0 0 0 0.000670173 0.00179759 -0.00170423 0.0025661 0 199.074 589.986 128.989 0 
1 22 0 0 0 0 -2.76182e-05 -5.68315e-05 0.000154909 0.0001673 0 199.074 589.986 128.989 0 
108 3
1 22 0 0 0 0 -0.00248568 0.00403183 -0.000284213 0.004745 0 233.717 558.312 571.177 0 
1 22 0 0 0 0 -0.00116312 0.000215237 9.65261e-05 0.0011868 0 233.717 558.312 571.177 0 
1 22 0 0 0 0 4.71988e-06 5.66705e-05 -0.000157339 0.0001673 0 233.717 558.312 571.177 0 
109 3
1 22 0 0 0 0 -0.0020936 0.00169333 -0.00065751 0.0027718 0 -102.168 584.505 127.197 0 
1 22 0 0 0 0 0.000439282 -0.00243789 -0.00132765 0.0028105 0 -102.168 584.505 127.197 0 
1 22 0 0 0 0 -0.000384421 0.000321051 0.000124106 0.000516 0 -102.168 584.505 127.197 0 
110 3
1 22 0 0 0 0 0.00412867 -0.00204233 0.0011393 0.004745 0 226.681 559.436 394.026 0 
1 22 0 0 0 0 -0.000379882 -0.000693947 -0.000884659 0.0011868 0 226.681 559.436 394.026 0 
1 22 0 0 0 0 -0.000119789 -8.9673e-05 7.48236e-05 0.0001673 0 226.681 559.436 394.026 0 
111 2
1 22 0 0 0 0 0.00525554 0.00056793 -0.00179317 0.005582 0 -102.83 559.595 179.043 0 
1 22 0 0 0 0 -0.000500562 0.000103352 -7.0793e-05 0.000516 0 -102.83 559.595 179.043 0 
112 3
1 22 0 0 0 0 -0.00322496 0.00108877 -0.00330594 0.004745 0 200.691 593.433 295.411 0 
1 22 0 0 0 0 0.000418364 0.000861727 0.000700637 0.0011868 0 200.691 593.433 295.411 0 
1 22 0 0 0 0 -0.000166032 1.77756e-05 -1.03363e-05 0.0001673 0 200.691 593.433 295.411 0 
113 3
1 22 0 0 0 0 -0.00339739 0.000292425 0.00329958 0.004745 0 -184.742 576.816 362.333 0 
1 22 0 0 0 0 -0.00117943 -4.44496e-05 0.000124347 0.0011868 0 -184.742 576.816 362.333 0 
1 22 0 0 0 0 0.000109449 0.000118068 4.54987e-05 0.0001673 0 -184.742 576.816 362.333 0 
114 3
1 22 0 0 0 0 0.00266333 -0.00226927 0.00320502 0.004745 0 334.404 569.433 341.56 0 
1 22 0 0 0 0 -0.000535059 0.000817134 -0.000674165 0.0011868 0 334.404 569.433 341.56 0 
1 22 0 0 0 0 -0.000135381 9.20777e-05 -3.43948e-05 0.0001673 0 334.404 569.433 341.56 0 
115 4
1 22 0 0 0 0 -0.00122795 -0.000650603 0.00342955 0.0037004 0 112.264 511.683 266.314 0 
1 22 0 0 0 0 -0.000577897 -0.000667763 0.000557396 0.0010443 0 112.264 511.683 266.314 0 
1 22 0 0 0 0 -0.000612812 0.000691013 -0.00074529 0.0011868 0 112.264 511.683 266.314 0 
1 22 0 0 0 0 6.31829e-05 -5.11053e-05 -0.000146238 0.0001673 0 112.264 511.683 266.314 0 
116 3
1 22 0 0 0 0 -0.0028478 0.00109962 -0.000777589 0.0031502 0 -10.1274 583.53 543.024 0 
1 22 0 0 0 0 0.0020198 -5.31555e-05 0.00191207 0.0027818 0 -10.1274 583.53 543.024 0 
1 22 0 0 0 0 -0.000164933 -1.40848e-05 -2.42492e-05 0.0001673 0 -10.1274 583.53 543.024 0 
117 3
1 22 0 0 0 0 -0.0033718 -0.00331261 0.000415458 0.004745 0 162.771 538.04 156.349 0 
1 22 0 0 0 0 -0.000793687 0.000257014 7.58037e-05 0.0008377 0 162.771 538.04 156.349 0 
1 22 0 0 0 0 0.000485171 0.000107928 -0.000138624 0.000516 0 162.771 538.04 156.349 0 
118 3
1 22 0 0 0 0 -0.00421148 -0.00205961 -0.000732461 0.004745 0 213.708 589.617 509.037 0 
1 22 0 0 0 0 -0.000627582 -0.000667391 -0.000754469 0.0011868 0 213.708 589.617 509.037 0 
1 22 0 0 0 0 4.56777e-06 -0.000153106 -6.72834e-05 0.0001673 0 213.708 589.617 509.037 0 
119 4
1 22 0 0 0 0 0.00112897 0.00211507 0.00139096 0.0027718 0 269.31 130.033 157.478 0 
1 22 0 0 0 0 -0.0025688 -0.000519174 0.0010152 0.0028105 0 269.31 130.033 157.478 0 
1 22 0 0 0 0 -5.42322e-05 -0.000344438 3.57912e-06 0.0003487 0 269.31 130.033 157.478 0 
1 22 0 0 0 0 2.12561e-05 0.000131173 0.000101642 0.0001673 0 269.31 130.033 157.478 0 
120 2
1 22 0 0 0 0 -0.00324696 0.00422242 -0.00166949 0.005582 0 281.554 566.699 211.958 0 
1 22 0 0 0 0 0.000319404 -0.000261871 0.000309291 0.000516 0 281.554 566.699 211.958 0 
121 3
1 22 0 0 0 0 -0.00231949 0.00106909 -0.003999 0.004745 0 32.0803 599.456 337.633 0 
1 22 0 0 0 0 0.000962175 0.000237189 -0.000653035 0.0011868 0 32.0803 599.456 337.633 0 
1 22 0 0 0 0 9.11936e-05 -0.000121995 6.92122e-05 0.0001673 0 32.0803 599.456 337.633 0 
122 3
1 22 0 0 0 0 0.00100488 -0.00223592 0.00406275 0.004745 0 6.47874 562.193 499.637 0 
1 22 0 0 0 0 0.00026932 0.000930221 0.00068604 0.0011868 0 6.47874 562.193 499.637 0 
1 22 0 0 0 0 0.000104064 5.48e-05 -0.000118983 0.0001673 0 6.47874 562.193 499.637 0 
123 3
1 22 0 0 0 0 -0.00334415 0.00139366 0.00306421 0.004745 0 -141.568 18.2577 70.9789 0 
1 22 0 0 0 0 -0.000234866 -0.000956801 -0.000661712 0.0011868 0 -141.568 18.2577 70.9789 0 
1 22 0 0 0 0 0.00013385 2.42766e-05 -9.7386e-05 0.0001673 0 -141.568 18.2577 70.9789 0 
124 4
1 22 0 0 0 0 0.00137449 -0.000306811 0.00342193 0.0037004 0 -57.0321 502.276 235.254 0 
1 22 0 0 0 0 -0.000361709 0.000573429 0.000794298 0.0010443 0 -57.0321 502.276 235.254 0 
1 22 0 0 0 0 0.000356891 0.000744379 -0.000852656 0.0011868 0 -57.0321 502.276 235.254 0 
1 22 0 0 0 0 8.45924e-05 6.22045e-06 -0.000144204 0.0001673 0 -57.0321 502.276 235.254 0 
125 2
1 22 0 0 0 0 0.00150967 0.0019345 -0.00501372 0.005582 0 188.845 363.725 161.193 0 
1 22 0 0 0 0 2.11848e-05 0.000483579 -0.00017877 0.000516 0 188.845 363.725 161.193 0 
126 4
1 22 0 0 0 0 0.00252021 0.00189635 0.0019353 0.0037004 0 187.037 590.107 201.145 0 
1 22 0 0 0 0 0.000187027 -0.000203834 0.00100699 0.0010443 0 187.037 590.107 201.145 0 
1 22 0 0 0 0 0.00038301 -0.000418431 0.00104246 0.0011868 0 187.037 590.107 201.145 0 
1 22 0 0 0 0 0.000134418 5.20219e-05 -8.49397e-05 0.0001673 0 187.037 590.107 201.145 0 
127 3
1 22 0 0 0 0 0.0016185 4.02884e-05 -0.00446025 0.004745 0 -57.8916 593.234 394.34 0 
1 22 0 0 0 0 -1.45409e-05 5.69805e-05 0.00118534 0.0011868 0 -57.8916 593.234 394.34 0 
1 22 0 0 0 0 -0.000110636 1.86828e-06 -0.000125481 0.0001673 0 -57.8916 593.234 394.34 0 
128 3
1 22 0 0 0 0 0.00116485 -0.00281077 0.000535819 0.0030894 0 241.785 574.375 243 0 
1 22 0 0 0 0 0.00202422 -0.00103739 -0.00170475 0.0028425 0 241.785 574.375 243 0 
1 22 0 0 0 0 2.9306e-05 9.86033e-05 0.000131939 0.0001673 0 241.785 574.375 243 0 
129 3
1 22 0 0 0 0 0.00247681 -0.00157739 -0.00372724 0.004745 0 43.3515 520.698 259.187 0 
1 22 0 0 0 0 0.000648749 -0.000899851 -0.000421766 0.0011868 0 43.3515 520.698 259.187 0 
1 22 0 0 0 0 3.48806e-05 5.03376e-05 0.000155688 0.0001673 0 43.3515 520.698 259.187 0 
130 2
1 22 0 0 0 0 -0.00190465 -0.00241629 -0.00465753 0.005582 0 103.912 252.642 315.114 0 
1 22 0 0 0 0 0.000364883 0.000214359 -0.00029524 0.000516 0 103.912 252.642 315.114 0 
131 3
1 22 0 0 0 0 0.00339855 0.00315838 0.000994759 0.004745 0 344.77 585.508 238.743 0 
1 22 0 0 0 0 0.000351963 0.000471326 0.00103076 0.0011868 0 344.77 585.508 238.743 0 
1 22 0 0 0 0 8.50832e-05 -0.000117759 -8.29631e-05 0.0001673 0 344.77 585.508 238.743 0 
132 3
1 22 0 0 0 0 -0.00116493 0.000266086 0.00314622 0.0033655 0 -1.06725 352.596 681.609 0 
1 22 0 0 0 0 0.000255551 0.00193431 -0.00166674 0.0025661 0 -1.06725 352.596 681.609 0 
1 22 0 0 0 0 0.000156448 -4.20492e-05 4.17742e-05 0.0001673 0 -1.06725 352.596 681.609 0 
133 3
1 22 0 0 0 0 0.00440059 0.00137729 0.00314588 0.005582 0 154.033 581.093 318.416 0 
1 22 0 0 0 0 6.28045e-05 -0.000173764 -0.000295725 0.0003487 0 154.033 581.093 318.416 0 
1 22 0 0 0 0 -0.00015935 3.85622e-06 5.0812e-05 0.0001673 0 154.033 581.093 318.416 0 
134 3
1 22 0 0 0 0 0.00111355 -0.00426652 -0.00175265 0.004745 0 295.789 553.832 559.2 0 
1 22 0 0 0 0 -0.000698889 0.000399608 0.000231535 0.0008377 0 295.789 553.832 559.2 0 
1 22 0 0 0 0 0.000271856 0.000420837 0.000123477 0.000516 0 295.789 553.832 559.2 0 
135 3
1 22 0 0 0 0 -0.000138772 -0.00471431 0.000520589 0.004745 0 -328.275 536.767 680.698 0 
1 22 0 0 0 0 0.000544898 -0.00010253 -0.00104932 0.0011868 0 -328.275 536.767 680.698 0 
1 22 0 0 0 0 4.97753e-05 0.000151804 4.96725e-05 0.0001673 0 -328.275 536.767 680.698 0 
136 2
1 22 0 0 0 0 -0.00236697 0.000728332 0.00500257 0.005582 0 316.349 17.8183 424.686 0 
1 22 0 0 0 0 -2.68226e-05 -0.000509106 7.9674e-05 0.000516 0 316.349 17.8183 424.686 0 
137 4
1 22 0 0 0 0 -0.00208693 -0.00268637 0.00145641 0.0037004 0 275.021 560.749 71.8416 0 
1 22 0 0 0 0 0.00020493 0.0009313 -0.00042573 0.0010443 0 275.021 560.749 71.8416 0 
1 22 0 0 0 0 -0.000132146 -0.000558897 -0.00103859 0.0011868 0 275.021 560.749 71.8416 0 
1 22 0 0 0 0 2.06184e-06 9.01299e-05 -0.000140931 0.0001673 0 275.021 560.749 71.8416 0 
138 3
1 22 0 0 0 0 0.00222255 0.00253257 0.00334087 0.004745 0 221.712 589.552 171.019 0 
1 22 0 0 0 0 0.000545452 0.00105185 -6.77557e-05 0.0011868 0 221.712 589.552 171.019 0 
1 22 0 0 0 0 -9.43703e-05 -0.000136892 1.855e-05 0.0001673 0 221.712 589.552 171.019 0 
139 4
1 22 0 0 0 0 0.00220528 -0.00122908 -0.00270537 0.0037004 0 236.597 534.23 518.917 0 
1 22 0 0 0 0 0.000435538 0.000279496 -0.000907056 0.0010443 0 236.597 534.23 518.917 0 
1 22 0 0 0 0 -0.000984267 -0.000496345 0.00043972 0.0011868 0 236.597 534.23 518.917 0 
1 22 0 0 0 0 0.000108206 2.4279e-05 -0.000125265 0.0001673 0 236.597 534.23 518.917 0 
140 3
1 22 0 0 0 0 0.00318402 0.00202338 -0.00287801 0.004745 0 199.053 526.155 336.954 0 
1 22 0 0 0 0 0.000478686 -0.00041626 -0.00100304 0.0011868 0 199.053 526.155 336.954 0 
1 22 0 0 0 0 0.00010863 -0.000121785 -3.68407e-05 0.0001673 0 199.053 526.155 336.954 0 
141 4
1 22 0 0 0 0 -0.00289636 -0.00195441 -0.00121834 0.0037004 0 -39.8704 33.7431 18.9799 0 
1 22 0 0 0 0 0.00029802 0.000797067 -0.000605335 0.0010443 0 -39.8704 33.7431 18.9799 0 
1 22 0 0 0 0 8.77993e-06 -0.00113571 0.000344362 0.0011868 0 -39.8704 33.7431 18.9799 0 
1 22 0 0 0 0 6.51538e-05 0.000134497 7.5198e-05 0.0001673 0 -39.8704 33.7431 18.9799 0 
142 3
1 22 0 0 0 0 -0.00373647 0.000327475 -0.0029063 0.004745 0 -318.085 587.212 347.865 0 
1 22 0 0 0 0 0.000862595 -6.7016e-05 -0.000812362 0.0011868 0 -318.085 587.212 347.865 0 
1 22 0 0 0 0 -0.000141288 8.79754e-05 1.6949e-05 0.0001673 0 -318.085 587.212 347.865 0 
143 3
1 22 0 0 0 0 0.00194557 0.00153509 -0.00227703 0.0033655 0 -341.904 547.915 368.592 0 
1 22 0 0 0 0 0.00193101 0.000532858 0.00160379 0.0025661 0 -341.904 547.915 368.592 0 
1 22 0 0 0 0 -7.56818e-05 -9.22963e-05 0.00011723 0.0001673 0 -341.904 547.915 368.592 0 
144 3
1 22 0 0 0 0 0.000558572 -0.00299301 0.00363935 0.004745 0 73.9317 516.961 6.22515 0 
1 22 0 0 0 0 0.000802243 5.59745e-05 0.000234553 0.0008377 0 73.9317 516.961 6.22515 0 
1 22 0 0 0 0 7.58314e-05 1.45262e-05 0.000510191 0.000516 0 73.9317 516.961 6.22515 0 
145 3
1 22 0 0 0 0 0.000548446 -0.00114911 0.00246204 0.0027718 0 -64.6382 554.759 306.004 0 
1 22 0 0 0 0 0.00216017 0.00168606 0.000624305 0.0028105 0 -64.6382 554.759 306.004 0 
1 22 0 0 0 0 0.00036435 0.000360064 -6.21189e-05 0.000516 0 -64.6382 554.759 306.004 0 
146 3
1 22 0 0 0 0 -0.00131278 -0.00418683 -0.00180612 0.004745 0 233.084 587.697 523.597 0 
1 22 0 0 0 0 -0.00035759 -0.000446362 0.0010399 0.0011868 0 233.084 587.697 523.597 0 
1 22 0 0 0 0 6.65068e-05 -0.000153494 -2.36138e-06 0.0001673 0 233.084 587.697 523.597 0 
147 3
1 22 0 0 0 0 -0.0014408 0.00401341 -0.00208126 0.004745 0 250.496 565.715 66.1433 0 
1 22 0 0 0 0 9.03293e-05 -1.95608e-05 0.000832586 0.0008377 0 250.496 565.715 66.1433 0 
1 22 0 0 0 0 0.000144403 0.000495379 -1.75525e-06 0.000516 0 250.496 565.715 66.1433 0 
148 4
1 22 0 0 0 0 0.000703162 -0.00253986 -0.00259762 0.0037004 0 79.9116 498.781 207.019 0 
1 22 0 0 0 0 0.000861646 0.000258206 -0.000530527 0.0010443 0 79.9116 498.781 207.019 0 
1 22 0 0 0 0 0.000215299 -0.00103455 0.000540222 0.0011868 0 79.9116 498.781 207.019 0 
1 22 0 0 0 0 -0.000143036 8.07523e-05 3.17647e-05 0.0001673 0 79.9116 498.781 207.019 0 
149 4
1 22 0 0 0 0 -0.00200229 0.000694485 0.000220044 0.0021307 0 56.2581 584.09 312.223 0 
1 22 0 0 0 0 -0.000560368 0.00225647 -0.00119536 0.0026143 0 56.2581 584.09 312.223 0 
1 22 0 0 0 0 0.000173891 0.00115379 -0.000216862 0.0011868 0 56.2581 584.09 312.223 0 
1 22 0 0 0 0 -1.87539e-05 -0.000141579 -8.71375e-05 0.0001673 0 56.2581 584.09 312.223 0 
150 3
1 22 0 0 0 0 0.00460278 -0.00050092 0.00103853 0.004745 0 -253.969 591.547 647.851 0 
1 22 0 0 0 0 -0.000156713 -0.000297246 -0.00113824 0.0011868 0 -253.969 591.547 647.851 0 
1 22 0 0 0 0 1.8926e-05 -4.83999e-05 0.000159024 0.0001673 0 -253.969 591.547 647.851 0 
151 3
1 22 0 0 0 0 0.00301899 0.00349957 -0.00107412 0.004745 0 331.285 574.993 376.533 0 
1 22 0 0 0 0 0.00108905 -0.000372704 -0.000289071 0.0011868 0 331.285 574.993 376.533 0 
1 22 0 0 0 0 -9.28965e-06 3.15439e-05 -0.000164036 0.0001673 0 331.285 574.993 376.533 0 
152 3
1 22 0 0 0 0 0.000310244 0.0033413 -0.00335477 0.004745 0 257.194 518.328 169.156 0 
1 22 0 0 0 0 0.00043462 3.15669e-06 0.00110435 0.0011868 0 257.194 518.328 169.156 0 
1 22 0 0 0 0 -0.000163787 -3.40964e-05 6.48724e-07 0.0001673 0 257.194 518.328 169.156 0 
153 2
1 22 0 0 0 0 -0.00244133 -0.00338365 -0.00370803 0.005582 0 267.051 210.233 77.4098 0 
1 22 0 0 0 0 -0.00038811 -0.000208802 0.000268381 0.000516 0 267.051 210.233 77.4098 0 
154 3
1 22 0 0 0 0 0.000425843 0.00421761 -0.00213201 0.004745 0 -60.6336 21.3566 357.909 0 
1 22 0 0 0 0 0.00114519 -4.74645e-05 0.000307868 0.0011868 0 -60.6336 21.3566 357.909 0 
1 22 0 0 0 0 0.000143852 -1.04817e-05 -8.47701e-05 0.0001673 0 -60.6336 21.3566 357.909 0 
155 3
1 22 0 0 0 0 -0.00376124 -0.000703258 -0.00280598 0.004745 0 -11.8145 510.909 411.487 0 
1 22 0 0 0 0 -0.00110787 -0.000244125 0.000348583 0.0011868 0 -11.8145 510.909 411.487 0 
1 22 0 0 0 0 -4.40517e-05 0.000161127 -9.31513e-06 0.0001673 0 -11.8145 510.909 411.487 0 
156 3
1 22 0 0 0 0 0.0031678 0.00029312 0.00352053 0.004745 0 164.296 219.618 24.9585 0 
1 22 0 0 0 0 0.000515019 -0.00104278 -0.000236349 0.0011868 0 164.296 219.618 24.9585 0 
1 22 0 0 0 0 5.60172e-05 -3.35949e-05 0.000154022 0.0001673 0 164.296 219.618 24.9585 0 
157 4
1 22 0 0 0 0 -0.000690559 -0.00360421 -0.000475137 0.0037004 0 -298.277 368.421 10.1403 0 
1 22 0 0 0 0 -0.00069958 -0.000770008 -9.07616e-05 0.0010443 0 -298.277 368.421 10.1403 0 
1 22 0 0 0 0 0.000781962 -0.000719143 0.000529022 0.0011868 0 -298.277 368.421 10.1403 0 
1 22 0 0 0 0 -4.55668e-05 0.00016093 3.81006e-06 0.0001673 0 -298.277 368.421 10.1403 0 
158 2
1 22 0 0 0 0 -0.00464913 0.0014292 -0.00273893 0.005582 0 255.658 524.873 348.997 0 
1 22 0 0 0 0 0.000239045 0.000237229 0.000390942 0.000516 0 255.658 524.873 348.997 0 
159 3
1 22 0 0 0 0 -0.00147054 -0.00194458 0.00407076 0.004745 0 205.754 428.274 548.986 0 
1 22 0 0 0 0 0.000415786 -0.000569506 -0.00095461 0.0011868 0 205.754 428.274 548.986 0 
1 22 0 0 0 0 1.82856e-05 -0.000162377 3.58969e-05 0.0001673 0 205.754 428.274 548.986 0 
160 2
1 22 0 0 0 0 -0.00116197 -0.00278323 0.00469704 0.005582 0 259.953 342.458 297.393 0 
1 22 0 0 0 0 -0.000470368 0.000137494 -0.000161572 0.000516 0 259.953 342.458 297.393 0 
161 3
1 22 0 0 0 0 -0.00382842 0.000561308 0.00274648 0.004745 0 293.491 590.82 38.6686 0 
1 22 0 0 0 0 -0.00102611 0.000590191 -8.52844e-05 0.0011868 0 293.491 590.82 38.6686 0 
1 22 0 0 0 0 0.000104132 0.000110238 -7.06642e-05 0.0001673 0 293.491 590.82 38.6686 0 
162 3
1 22 0 0 0 0 0.00469626 -0.000264774 0.000624557 0.004745 0 166.59 566.054 120.59 0 
1 22 0 0 0 0 0.000402601 -0.000670813 0.000892422 0.0011868 0 166.59 566.054 120.59 0 
1 22 0 0 0 0 3.44512e-05 0.000162233 -2.19753e-05 0.0001673 0 166.59 566.054 120.59 0 
163 3
1 22 0 0 0 0 -0.00159648 0.00159584 0.00417368 0.004745 0 -137.503 577.172 285.237 0 
1 22 0 0 0 0 -0.00101312 -0.000437385 -0.000436769 0.0011868 0 -137.503 577.172 285.237 0 
1 22 0 0 0 0 0.000106974 0.00012703 -2.02273e-05 0.0001673 0 -137.503 577.172 285.237 0 
164 3
1 22 0 0 0 0 0.00355576 -0.00313492 -0.000209459 0.004745 0 227.972 589.225 27.614 0 
1 22 0 0 0 0 -0.000333509 -0.00089017 0.000710538 0.0011868 0 227.972 589.225 27.614 0 
1 22 0 0 0 0 -0.000151745 -9.46107e-06 -6.98084e-05 0.0001673 0 227.972 589.225 27.614 0 
165 2
1 22 0 0 0 0 0.00449979 -0.00266533 0.00195106 0.005582 0 329.471 588.874 654.618 0 
1 22 0 0 0 0 0.000155829 0.000491809 -9.88626e-06 0.000516 0 329.471 588.874 654.618 0 
166 2
1 22 0 0 0 0 -0.00526527 -0.00132134 -0.00129989 0.005582 0 -120.252 565.095 314.908 0 
1 22 0 0 0 0 0.000503191 -7.98699e-05 8.17029e-05 0.000516 0 -120.252 565.095 314.908 0 
167 4
1 22 0 0 0 0 -0.0001293 -0.00369106 0.00022879 0.0037004 0 204.445 518.083 193.329 0 
1 22 0 0 0 0 0.000592586 0.000842339 -0.000172826 0.0010443 0 204.445 518.083 193.329 0 
1 22 0 0 0 0 -0.000614537 -0.000965474 -0.000314163 0.0011868 0 204.445 518.083 193.329 0 
1 22 0 0 0 0 8.47781e-05 0.000125461 7.1145e-05 0.0001673 0 204.445 518.083 193.329 0 
168 3
1 22 0 0 0 0 -0.00371991 0.000822772 -0.00282848 0.004745 0 272.566 525.763 370.881 0 
1 22 0 0 0 0 -0.000494812 0.000177279 0.000652284 0.0008377 0 272.566 525.763 370.881 0 
1 22 0 0 0 0 5.44457e-05 -2.75537e-05 -0.000512379 0.000516 0 272.566 525.763 370.881 0 
169 2
1 22 0 0 0 0 0.00213055 -0.00514176 -0.000426402 0.005582 0 60.0663 530.9 199.138 0 
1 22 0 0 0 0 -0.000250649 0.000403253 -0.000202035 0.000516 0 60.0663 530.9 199.138 0 
170 3
1 22 0 0 0 0 0.00463184 0.000721637 -0.000735063 0.004745 0 325.626 578.129 441.072 0 
1 22 0 0 0 0 -0.000637675 9.82491e-05 -0.000996098 0.0011868 0 325.626 578.129 441.072 0 
1 22 0 0 0 0 3.68344e-05 -9.42865e-05 -0.000133201 0.0001673 0 325.626 578.129 441.072 0 
171 3
1 22 0 0 0 0 0.000295964 0.00451654 -0.00142417 0.004745 0 150.549 527.724 99.3567 0 
1 22 0 0 0 0 0.000175879 -0.000175377 0.00116052 0.0011868 0 150.549 527.724 99.3567 0 
1 22 0 0 0 0 0.000133494 8.61246e-05 5.24507e-05 0.0001673 0 150.549 527.724 99.3567 0 
172 3
1 22 0 0 0 0 -0.00193344 0.00325586 -0.00285941 0.004745 0 190.422 579.508 0.0967883 0 
1 22 0 0 0 0 0.000671676 0.000445804 0.00022771 0.0008377 0 190.422 579.508 0.0967883 0 
1 22 0 0 0 0 -0.000237184 -0.000210492 -0.000407054 0.000516 0 190.422 579.508 0.0967883 0 
173 4
1 22 0 0 0 0 0.0024811 0.00146355 -0.00232274 0.0037004 0 322.686 577.01 354.98 0 
1 22 0 0 0 0 0.000931388 0.000468109 6.28799e-05 0.0010443 0 322.686 577.01 354.98 0 
1 22 0 0 0 0 -0.000530281 0.001058 8.90348e-05 0.0011868 0 322.686 577.01 354.98 0 
1 22 0 0 0 0 8.41283e-05 2.53244e-05 0.000142374 0.0001673 0 322.686 577.01 354.98 0 
174 3
1 22 0 0 0 0 -0.00287658 0.00368987 -0.000790665 0.004745 0 81.5734 572.058 339.91 0 
1 22 0 0 0 0 -0.00107332 -5.60471e-05 -0.000503334 0.0011868 0 81.5734 572.058 339.91 0 
1 22 0 0 0 0 -5.26912e-05 0.000125124 9.776e-05 0.0001673 0 81.5734 572.058 339.91 0 
175 3
1 22 0 0 0 0 0.000867471 -0.00129466 0.00298294 0.0033655 0 199.85 589.456 273.153 0 
1 22 0 0 0 0 0.00245951 -0.000506641 0.000528185 0.0025661 0 199.85 589.456 273.153 0 
1 22 0 0 0 0 -1.14801e-05 0.000133941 9.95855e-05 0.0001673 0 199.85 589.456 273.153 0 
176 4
1 22 0 0 0 0 -0.000584651 0.00172384 -0.00110745 0.0021307 0 124.487 589.772 456.863 0 
1 22 0 0 0 0 -0.000831294 -0.00179664 -0.00170751 0.0026143 0 124.487 589.772 456.863 0 
1 22 0 0 0 0 -0.000545391 0.000780688 0.000708216 0.0011868 0 124.487 589.772 456.863 0 
1 22 0 0 0 0 -0.000133611 -9.54333e-05 3.20934e-05 0.0001673 0 124.487 589.772 456.863 0 
177 3
1 22 0 0 0 0 0.00123354 0.000662721 -0.00160595 0.0021307 0 69.5251 538.347 87.8132 0 
1 22 0 0 0 0 -0.000220224 0.00251412 -0.00235491 0.0034518 0 69.5251 538.347 87.8132 0 
1 22 0 0 0 0 0.000458914 -0.000227386 -6.2846e-05 0.000516 0 69.5251 538.347 87.8132 0 
178 3
1 22 0 0 0 0 -0.00146204 0.00232208 -0.0038711 0.004745 0 63.5653 535.791 352.836 0 
1 22 0 0 0 0 -0.000151523 -0.000751071 -0.000338635 0.0008377 0 63.5653 535.791 352.836 0 
1 22 0 0 0 0 -0.000156341 -0.000478616 0.000112873 0.000516 0 63.5653 535.791 352.836 0 
179 3
1 22 0 0 0 0 -0.00301805 0.00249976 -0.00267537 0.004745 0 316.532 474.753 339.751 0 
1 22 0 0 0 0 -0.000832818 -0.000559166 0.000634226 0.0011868 0 316.532 474.753 339.751 0 
1 22 0 0 0 0 6.62946e-05 9.00803e-06 0.00015334 0.0001673 0 316.532 474.753 339.751 0 
180 3
1 22 0 0 0 0 0.00321325 -0.00342546 -0.000675511 0.004745 0 -261.797 536.206 276.074 0 
1 22 0 0 0 0 0.000692157 0.000103683 -0.000958469 0.0011868 0 -261.797 536.206 276.074 0 
1 22 0 0 0 0 1.26798e-05 6.45629e-05 -0.000153819 0.0001673 0 -261.797 536.206 276.074 0 
181 3
1 22 0 0 0 0 0.00325144 0.00336942 0.000768211 0.004745 0 207.079 589.583 126.856 0 
1 22 0 0 0 0 2.90397e-06 -0.000727352 0.000937788 0.0011868 0 207.079 589.583 126.856 0 
1 22 0 0 0 0 -8.6649e-05 0.000135589 4.579e-05 0.0001673 0 207.079 589.583 126.856 0 
182 4
1 22 0 0 0 0 0.00369615 0.000137873 0.000111314 0.0037004 0 309.814 552.113 173.006 0 
1 22 0 0 0 0 -0.000207107 0.000385325 -0.000948259 0.0010443 0 309.814 552.113 173.006 0 
1 22 0 0 0 0 -0.000335368 0.000242623 -0.00111228 0.0011868 0 309.814 552.113 173.006 0 
1 22 0 0 0 0 5.5155e-05 0.000146727 5.8467e-05 0.0001673 0 309.814 552.113 173.006 0 
183 3
1 22 0 0 0 0 -0.000133841 0.0017018 -0.0044273 0.004745 0 205.435 565.091 347.316 0 
1 22 0 0 0 0 -0.000571041 0.000354089 0.000500275 0.0008377 0 205.435 565.091 347.316 0 
1 22 0 0 0 0 0.000189292 -0.000458867 0.000140946 0.000516 0 205.435 565.091 347.316 0 
184 3
1 22 0 0 0 0 -0.00243186 0.00242478 0.00327438 0.004745 0 81.7828 575.558 392.699 0 
1 22 0 0 0 0 0.000319978 -0.00105627 0.000436349 0.0011868 0 81.7828 575.558 392.699 0 
1 22 0 0 0 0 -0.000147707 6.45574e-05 4.47684e-05 0.0001673 0 81.7828 575.558 392.699 0 
185 3
1 22 0 0 0 0 -0.00385607 -0.000812397 -0.00264305 0.004745 0 12.703 571.622 143.578 0 
1 22 0 0 0 0 -4.96008e-05 0.000555915 -0.000624691 0.0008377 0 12.703 571.622 143.578 0 
1 22 0 0 0 0 -0.00044565 9.15611e-06 -0.00025994 0.000516 0 12.703 571.622 143.578 0 
186 3
1 22 0 0 0 0 0.00178975 -0.000912342 0.00190979 0.0027718 0 -31.6022 591.505 371.707 0 
1 22 0 0 0 0 -0.00156149 0.00129485 -0.00194526 0.0028105 0 -31.6022 591.505 371.707 0 
1 22 0 0 0 0 -0.000393869 -0.000199076 0.000267379 0.000516 0 -31.6022 591.505 371.707 0 
187 3
1 22 0 0 0 0 0.00228679 0.000831526 0.00132741 0.0027718 0 -247.743 502.582 110.75 0 
1 22 0 0 0 0 -0.00170013 0.00198462 -0.00103429 0.0028105 0 -247.743 502.582 110.75 0 
1 22 0 0 0 0 0.000434131 0.000267866 7.76812e-05 0.000516 0 -247.743 502.582 110.75 0 
188 3
1 22 0 0 0 0 -0.00295366 0.00201419 -0.00428691 0.005582 0 340.432 502.81 221.481 0 
1 22 0 0 0 0 -8.30698e-05 -0.000318686 0.000114588 0.0003487 0 340.432 502.81 221.481 0 
1 22 0 0 0 0 0.000102402 -9.24971e-05 -9.45903e-05 0.0001673 0 340.432 502.81 221.481 0 
189 3
1 22 0 0 0 0 -7.71781e-05 -0.00150474 -0.00449942 0.004745 0 108.924 574.035 153.064 0 
1 22 0 0 0 0 -0.000522609 0.000349317 0.00100665 0.0011868 0 108.924 574.035 153.064 0 
1 22 0 0 0 0 -5.20434e-05 0.000138693 7.77491e-05 0.0001673 0 108.924 574.035 153.064 0 
190 3
1 22 0 0 0 0 0.00211608 0.00424523 -0.000123421 0.004745 0 -133.894 581.659 41.1378 0 
1 22 0 0 0 0 0.000242902 -0.00111908 0.000311701 0.0011868 0 -133.894 581.659 41.1378 0 
1 22 0 0 0 0 4.01919e-05 -6.22123e-05 -0.000150012 0.0001673 0 -133.894 581.659 41.1378 0 
191 3
1 22 0 0 0 0 -0.00152002 -0.00155043 -0.00421909 0.004745 0 188.023 543.852 38.8366 0 
1 22 0 0 0 0 0.000888432 0.000784784 5.74168e-05 0.0011868 0 188.023 543.852 38.8366 0 
1 22 0 0 0 0 0.000160345 4.01783e-05 2.57775e-05 0.0001673 0 188.023 543.852 38.8366 0 
192 2
1 22 0 0 0 0 -0.00274644 0.00485599 -0.000187493 0.005582 0 70.8158 589.168 92.3464 0 
1 22 0 0 0 0 0.000350353 -0.000312845 0.000213628 0.000516 0 70.8158 589.168 92.3464 0 
193 3
1 22 0 0 0 0 0.00244264 -0.00187955 -0.000651572 0.0031502 0 -303.508 516.642 181.19 0 
1 22 0 0 0 0 -0.00274396 0.00014929 -0.0004322 0.0027818 0 -303.508 516.642 181.19 0 
1 22 0 0 0 0 -5.22083e-05 -0.000156793 2.60703e-05 0.0001673 0 -303.508 516.642 181.19 0 
194 3
1 22 0 0 0 0 -0.00101438 0.00267877 0.0013111 0.0031502 0 294.784 532.157 378.464 0 
1 22 0 0 0 0 0.0020017 -7.97878e-06 0.00138209 0.0024325 0 294.784 532.157 378.464 0 
1 22 0 0 0 0 -0.000442772 -0.000264839 8.33277e-06 0.000516 0 294.784 532.157 378.464 0 
195 3
1 22 0 0 0 0 0.0035285 0.00286623 -0.00135995 0.004745 0 182.536 570.621 139.694 0 
1 22 0 0 0 0 -7.77541e-05 0.000753603 -0.000913527 0.0011868 0 182.536 570.621 139.694 0 
1 22 0 0 0 0 2.70685e-05 -0.000112906 0.000120453 0.0001673 0 182.536 570.621 139.694 0 
196 3
1 22 0 0 0 0 0.00272407 0.00335761 0.00195471 0.004745 0 73.296 539.107 378.639 0 
1 22 0 0 0 0 0.000708423 -0.000835569 0.000456568 0.0011868 0 73.296 539.107 378.639 0 
1 22 0 0 0 0 -5.98044e-05 -0.000150945 4.03537e-05 0.0001673 0 73.296 539.107 378.639 0 
197 3
1 22 0 0 0 0 0.00261216 0.000416451 0.00171083 0.0031502 0 21.7757 549.831 149.373 0 
1 22 0 0 0 0 -0.000905641 0.000344435 -0.0022312 0.0024325 0 21.7757 549.831 149.373 0 
1 22 0 0 0 0 -0.000139785 -0.000490598 -7.76496e-05 0.000516 0 21.7757 549.831 149.373 0 
198 3
1 22 0 0 0 0 -0.000822728 0.000656261 0.00462682 0.004745 0 241.495 556.228 262.116 0 
1 22 0 0 0 0 0.000259984 0.000781528 0.000152852 0.0008377 0 241.495 556.228 262.116 0 
1 22 0 0 0 0 0.000129303 -0.000119701 0.000484983 0.000516 0 241.495 556.228 262.116 0 
199 3
1 22 0 0 0 0 0.00343405 -0.00324887 -0.000408864 0.004745 0 159.479 468.894 277.383 0 
1 22 0 0 0 0 -0.000179793 0.000548719 -0.00103686 0.0011868 0 159.479 468.894 277.383 0 
1 22 0 0 0 0 0.000101266 -0.000129154 -3.24598e-05 0.0001673 0 159.479 468.894 277.383 0 
