0 3
1 22 0 0 0 0 0.00345516 0.00130972 -0.00297683 0.004745 0 305.284 581.998 157.52 0 
1 22 0 0 0 0 2.54762e-05 0.00118465 -6.67215e-05 0.0011868 0 305.284 581.998 157.52 0 
1 22 0 0 0 0 -0.000110978 0.000100215 -7.50335e-05 0.0001673 0 305.284 581.998 157.52 0 
1 3
1 22 0 0 0 0 -0.00456695 -0.000597943 0.00114038 0.004745 0 64.7534 587.527 343.219 0 
1 22 0 0 0 0 0.000244115 0.0010064 0.000579705 0.0011868 0 64.7534 587.527 343.219 0 
1 22 0 0 0 0 -1.60688e-05 0.000147541 -7.72194e-05 0.0001673 0 64.7534 587.527 343.219 0 
2 3
1 22 0 0 0 0 -0.00190195 0.000879748 0.00181425 0.0027718 0 -6.25012 586.862 53.7043 0 
1 22 0 0 0 0 0.00271395 0.000531679 -0.000500676 0.0028105 0 -6.25012 586.862 53.7043 0 
1 22 0 0 0 0 -0.00024442 0.000115379 0.000439548 0.000516 0 -6.25012 586.862 53.7043 0 
3 3
1 22 0 0 0 0 0.00314831 0.00327858 0.00136164 0.004745 0 279.974 476.537 282.277 0 
1 22 0 0 0 0 -0.000747069 0.000520567 0.000761179 0.0011868 0 279.974 476.537 282.277 0 
1 22 0 0 0 0 -5.8117e-05 0.000156881 -2.97675e-07 0.0001673 0 279.974 476.537 282.277 0 
4 3
1 22 0 0 0 0 0.00106181 -0.00462011 0.000205249 0.004745 0 -49.2017 550.416 411.804 0 
1 22 0 0 0 0 -0.000881495 -0.000725976 0.000323141 0.0011868 0 -49.2017 550.416 411.804 0 
1 22 0 0 0 0 -4.80301e-05 -0.000140803 7.65305e-05 0.0001673 0 -49.2017 550.416 411.804 0 
5 4
1 22 0 0 0 0 0.000329674 0.00350922 0.00112679 0.0037004 0 226.579 505.97 287.644 0 
1 22 0 0 0 0 -0.00040842 -0.000736214 0.000617854 0.0010443 0 226.579 505.97 287.644 0 
1 22 0 0 0 0 0.000134934 0.000812502 -0.00015289 0.0008377 0 226.579 505.97 287.644 0 
1 22 0 0 0 0 0.000242127 -0.000432532 -0.000143342 0.000516 0 226.579 505.97 287.644 0 
6 3
1 22 0 0 0 0 -0.00307862 -0.00331913 -0.00142143 0.004745 0 -73.4289 539.829 336.799 0 
1 22 0 0 0 0 -0.000976786 -0.00030638 -0.000600428 0.0011868 0 -73.4289 539.829 336.799 0 
1 22 0 0 0 0 1.9727e-05 -9.89253e-06 -0.000165838 0.0001673 0 -73.4289 539.829 336.799 0 
7 4
1 22 0 0 0 0 0.000971161 0.00407551 0.00222758 0.004745 0 205.593 543.48 68.3296 0 
1 22 0 0 0 0 2.79396e-05 0.000837143 -1.23505e-05 0.0008377 0 205.593 543.48 68.3296 0 
1 22 0 0 0 0 -2.54782e-05 0.000123622 -0.000325054 0.0003487 0 205.593 543.48 68.3296 0 
1 22 0 0 0 0 0.000120074 -8.07932e-05 -8.39286e-05 0.0001673 0 205.593 543.48 68.3296 0 
8 3
1 22 0 0 0 0 0.00128313 0.000826471 -0.00449283 0.004745 0 -116.888 527.733 470.175 0 
1 22 0 0 0 0 -0.000825903 0.000843627 0.000121129 0.0011868 0 -116.888 527.733 470.175 0 
1 22 0 0 0 0 0.000117041 -7.91463e-05 8.95912e-05 0.0001673 0 -116.888 527.733 470.175 0 
9 4
1 22 0 0 0 0 -0.00128459 -0.00298185 -0.0017752 0.0037004 0 -117.87 526.211 226.675 0 
1 22 0 0 0 0 -0.000289825 -0.000993259 0.000141427 0.0010443 0 -117.87 526.211 226.675 0 
1 22 0 0 0 0 -0.00113027 5.32842e-05 0.000357972 0.0011868 0 -117.87 526.211 226.675 0 
1 22 0 0 0 0 -0.000133778 -8.18557e-05 5.82439e-05 0.0001673 0 -117.87 526.211 226.675 0 
10 3
1 22 0 0 0 0 0.00431477 -0.000776458 -0.00181517 0.004745 0 178.617 579.47 615.618 0 
1 22 0 0 0 0 -0.0010858 -0.000262393 -0.000400849 0.0011868 0 178.617 579.47 615.618 0 
1 22 0 0 0 0 0.000147873 -7.79019e-05 7.36807e-06 0.0001673 0 178.617 579.47 615.618 0 
11 4
1 22 0 0 0 0 0.00175452 0.00103949 -0.000617262 0.0021307 0 241.172 381.396 322.936 0 
1 22 0 0 0 0 -0.00214123 -0.000427935 -0.00143756 0.0026143 0 241.172 381.396 322.936 0 
1 22 0 0 0 0 -0.00116272 0.00019141 -0.000141227 0.0011868 0 241.172 381.396 322.936 0 
1 22 0 0 0 0 -7.8671e-05 -2.83675e-05 0.000144898 0.0001673 0 241.172 381.396 322.936 0 
12 3
1 22 0 0 0 0 0.00341542 0.00327065 0.000390892 0.004745 0 267.517 429.858 97.785 0 
1 22 0 0 0 0 -0.000541969 0.000826859 -0.000656557 0.0011868 0 267.517 429.858 97.785 0 
1 22 0 0 0 0 0.00010951 -0.000125539 1.53872e-05 0.0001673 0 267.517 429.858 97.785 0 
13 3
1 22 0 0 0 0 -0.00136458 0.00366828 -0.00268265 0.004745 0 281.169 507.409 560.775 0 
1 22 0 0 0 0 0.000392958 0.000432747 -0.000600047 0.0008377 0 281.169 507.409 560.775 0 
1 22 0 0 0 0 0.000204855 0.000179916 -0.000438088 0.000516 0 281.169 507.409 560.775 0 
14 4
1 22 0 0 0 0 -0.00136187 0.0026852 -0.00215128 0.0037004 0 -55.5681 589.188 164.315 0 
1 22 0 0 0 0 0.000243827 -0.000619687 -0.000804425 0.0010443 0 -55.5681 589.188 164.315 0 
1 22 0 0 0 0 1.28096e-05 0.00101381 -0.000616859 0.0011868 0 -55.5681 589.188 164.315 0 
1 22 0 0 0 0 0.000134197 -3.28841e-05 9.43346e-05 0.0001673 0 -55.5681 589.188 164.315 0 
15 3
1 22 0 0 0 0 -0.00232923 0.00199181 -0.000728793 0.0031502 0 309.835 574.967 284.175 0 
1 22 0 0 0 0 -0.00189743 -0.00116488 -0.000979721 0.0024325 0 309.835 574.967 284.175 0 
1 22 0 0 0 0 0.000397988 -4.57674e-05 0.000325218 0.000516 0 309.835 574.967 284.175 0 
16 3
1 22 0 0 0 0 0.00339756 -0.00328745 0.000405305 0.004745 0 -155.315 588.602 207.909 0 
1 22 0 0 0 0 -0.000537376 0.000442069 -0.000961404 0.0011868 0 -155.315 588.602 207.909 0 
1 22 0 0 0 0 -0.00011362 4.87641e-05 -0.000112702 0.0001673 0 -155.315 588.602 207.909 0 
17 4
1 22 0 0 0 0 -0.00190913 -0.000439751 -0.000837681 0.0021307 0 253.956 583.079 200.409 0 
1 22 0 0 0 0 0.00231308 -0.00251538 0.000487314 0.0034518 0 253.956 583.079 200.409 0 
1 22 0 0 0 0 -0.000201786 -5.93642e-05 -0.000278119 0.0003487 0 253.956 583.079 200.409 0 
1 22 0 0 0 0 -0.00015764 -3.78759e-05 4.12851e-05 0.0001673 0 253.956 583.079 200.409 0 
18 3
1 22 0 0 0 0 0.00454882 0.0012162 -0.000586591 0.004745 0 208.584 581.701 344.092 0 
1 22 0 0 0 0 -0.00115854 -0.000255313 3.32173e-05 0.0011868 0 208.584 581.701 344.092 0 
1 22 0 0 0 0 1.68346e-05 0.000110529 0.000124456 0.0001673 0 208.584 581.701 344.092 0 
19 3
1 22 0 0 0 0 0.000859407 -0.00190893 0.00425822 0.004745 0 -27.5481 567.748 377.978 0 
1 22 0 0 0 0 -0.000236897 -0.000871997 -0.000769413 0.0011868 0 -27.5481 567.748 377.978 0 
1 22 0 0 0 0 -0.000141268 2.73368e-05 -8.53542e-05 0.0001673 0 -27.5481 567.748 377.978 0 
20 2
1 22 0 0 0 0 0.00061059 0.00325443 0.00339866 0.004745 0 268.83 545.48 480.93 0 
1 22 0 0 0 0 0.0011327 -0.000713031 0.000204661 0.001354 0 268.83 545.48 480.93 0 
21 3
1 22 0 0 0 0 -0.000613585 0.00470334 -0.000130736 0.004745 0 -333.988 564.159 75.6986 0 
1 22 0 0 0 0 -0.000528869 -0.000666939 0.000827033 0.0011868 0 -333.988 564.159 75.6986 0 
1 22 0 0 0 0 -2.12648e-05 0.000159222 -4.67499e-05 0.0001673 0 -333.988 564.159 75.6986 0 
22 3
1 22 0 0 0 0 -0.00151758 -0.00242016 -0.00132799 0.0031502 0 -32.1593 580.941 234.425 0 
1 22 0 0 0 0 0.0013759 0.00183751 0.000804686 0.0024325 0 -32.1593 580.941 234.425 0 
1 22 0 0 0 0 -0.000506146 5.62891e-05 -8.30871e-05 0.000516 0 -32.1593 580.941 234.425 0 
23 3
1 22 0 0 0 0 0.00468349 -0.00034775 -0.000677505 0.004745 0 237.637 579.945 20.617 0 
1 22 0 0 0 0 0.000523399 0.000769666 -0.000736317 0.0011868 0 237.637 579.945 20.617 0 
1 22 0 0 0 0 6.31174e-05 -0.000126269 -8.97865e-05 0.0001673 0 237.637 579.945 20.617 0 
24 4
1 22 0 0 0 0 -0.00272418 -0.00140929 -0.000718688 0.0031502 0 223.447 585.318 589.718 0 
1 22 0 0 0 0 -0.00103433 -0.00105483 0.0019325 0.0024325 0 223.447 585.318 589.718 0 
1 22 0 0 0 0 -0.000242959 -9.01185e-05 -0.000233327 0.0003487 0 223.447 585.318 589.718 0 
1 22 0 0 0 0 4.6545e-05 -0.000153821 -4.64962e-05 0.0001673 0 223.447 585.318 589.718 0 
25 3
1 22 0 0 0 0 -0.00170034 0.0017101 -0.00136648 0.0027718 0 -126.314 402.475 265.257 0 
1 22 0 0 0 0 0.00115261 0.00147568 -0.0020959 0.0028105 0 -126.314 402.475 265.257 0 
1 22 0 0 0 0 5.06893e-05 -0.000177608 -0.000481811 0.000516 0 -126.314 402.475 265.257 0 
26 3
1 22 0 0 0 0 -0.00276933 0.00381308 -0.00055345 0.004745 0 332.884 563.573 272.643 0 
1 22 0 0 0 0 -0.000669887 0.000712732 -0.00067213 0.0011868 0 332.884 563.573 272.643 0 
1 22 0 0 0 0 0.000159169 -5.10153e-05 -7.20045e-06 0.0001673 0 332.884 563.573 272.643 0 
27 4
1 22 0 0 0 0 0.00141869 -0.00266075 0.000911864 0.0031502 0 133.068 590.644 372.697 0 
1 22 0 0 0 0 -0.00149169 0.000487051 -0.00185868 0.0024325 0 133.068 590.644 372.697 0 
1 22 0 0 0 0 5.61232e-05 -4.80702e-05 -0.00034078 0.0003487 0 133.068 590.644 372.697 0 
1 22 0 0 0 0 2.14645e-05 0.000125497 0.000108531 0.0001673 0 133.068 590.644 372.697 0 
28 3
1 22 0 0 0 0 0.000799077 0.00466545 -0.000331845 0.004745 0 28.7489 537.063 134.48 0 
1 22 0 0 0 0 0.000792358 0.000333936 0.000818016 0.0011868 0 28.7489 537.063 134.48 0 
1 22 0 0 0 0 -6.33043e-05 -7.97782e-05 0.00013273 0.0001673 0 28.7489 537.063 134.48 0 
29 3
1 22 0 0 0 0 0.00133742 -0.00450754 -0.000639076 0.004745 0 -162.566 465.66 209.049 0 
1 22 0 0 0 0 -0.00039815 -0.00059802 0.000944639 0.0011868 0 -162.566 465.66 209.049 0 
1 22 0 0 0 0 8.9512e-05 -0.000114014 -8.35332e-05 0.0001673 0 -162.566 465.66 209.049 0 
30 4
1 22 0 0 0 0 -0.000646536 -0.00470072 -1.47738e-05 0.004745 0 122.225 540.881 141.787 0 
1 22 0 0 0 0 0.000555495 -0.000380082 -0.000498703 0.0008377 0 122.225 540.881 141.787 0 
1 22 0 0 0 0 0.000325079 -0.00011275 5.65916e-05 0.0003487 0 122.225 540.881 141.787 0 
1 22 0 0 0 0 6.22127e-05 0.000133177 7.98916e-05 0.0001673 0 122.225 540.881 141.787 0 
31 2
1 22 0 0 0 0 0.00377663 -0.00277878 -0.000728315 0.004745 0 -97.7006 305.783 415.131 0 
1 22 0 0 0 0 -0.00131235 -6.81634e-05 -0.000326211 0.001354 0 -97.7006 305.783 415.131 0 
32 4
1 22 0 0 0 0 -0.000950429 -0.00381655 -0.00265437 0.004745 0 197.456 571.587 174.68 0 
1 22 0 0 0 0 -0.000247491 -0.000597389 0.000532556 0.0008377 0 197.456 571.587 174.68 0 
1 22 0 0 0 0 -0.000122817 -0.00031143 -9.75662e-05 0.0003487 0 197.456 571.587 174.68 0 
1 22 0 0 0 0 0.000125535 -0.000110347 -7.33679e-06 0.0001673 0 197.456 571.587 174.68 0 
33 3
1 22 0 0 0 0 -0.00213754 0.0050851 -0.000855229 0.005582 0 210.829 568.431 336.602 0 
1 22 0 0 0 0 0.000338232 3.47047e-05 -7.73715e-05 0.0003487 0 210.829 568.431 336.602 0 
1 22 0 0 0 0 -0.000116618 0.000118664 -1.75618e-05 0.0001673 0 210.829 568.431 336.602 0 
34 3
1 22 0 0 0 0 0.000172969 0.00216086 -0.00422087 0.004745 0 -76.7801 588.534 386.723 0 
1 22 0 0 0 0 0.000328262 0.000908894 -0.000688949 0.0011868 0 -76.7801 588.534 386.723 0 
1 22 0 0 0 0 -5.81927e-05 -4.4641e-06 -0.00015679 0.0001673 0 -76.7801 588.534 386.723 0 
35 3
1 22 0 0 0 0 -0.0044067 0.00139825 0.00106815 0.004745 0 240.892 589.325 236.436 0 
1 22 0 0 0 0 -0.00054815 0.000515163 0.00036862 0.0008377 0 240.892 589.325 236.436 0 
1 22 0 0 0 0 0.000279427 0.000266427 0.000342335 0.000516 0 240.892 589.325 236.436 0 
36 3
1 22 0 0 0 0 0.00440501 -0.000227553 0.00174905 0.004745 0 277.141 550.036 202.104 0 
1 22 0 0 0 0 -6.07357e-05 5.89919e-06 0.000835475 0.0008377 0 277.141 550.036 202.104 0 
1 22 0 0 0 0 -0.000306799 0.000183881 0.000371912 0.000516 0 277.141 550.036 202.104 0 
37 3
1 22 0 0 0 0 0.00221276 0.00171067 0.00383305 0.004745 0 346.894 582.455 315.046 0 
1 22 0 0 0 0 0.000674726 0.000101791 0.000485926 0.0008377 0 346.894 582.455 315.046 0 
1 22 0 0 0 0 0.000170016 5.22606e-06 -0.000487158 0.000516 0 346.894 582.455 315.046 0 
38 3
1 22 0 0 0 0 -0.00195959 0.00212841 -0.00171943 0.0033655 0 335.286 382.091 88.9575 0 
1 22 0 0 0 0 0.00176137 -0.000979699 0.00158828 0.0025661 0 335.286 382.091 88.9575 0 
1 22 0 0 0 0 9.81382e-05 -0.000120872 -6.12213e-05 0.0001673 0 335.286 382.091 88.9575 0 
39 4
1 22 0 0 0 0 -0.000173712 -0.00125333 0.00347735 0.0037004 0 -57.3265 596.496 406.147 0 
1 22 0 0 0 0 -0.000380654 -0.000338383 0.000911681 0.0010443 0 -57.3265 596.496 406.147 0 
1 22 0 0 0 0 -6.59088e-05 -0.00114041 -0.000321883 0.0011868 0 -57.3265 596.496 406.147 0 
1 22 0 0 0 0 -3.4409e-05 5.71579e-05 -0.000153422 0.0001673 0 -57.3265 596.496 406.147 0 
40 3
1 22 0 0 0 0 -0.00470161 0.000640255 1.9663e-07 0.004745 0 240.166 568.474 25.322 0 
1 22 0 0 0 0 -0.000216104 -0.001119 0.000331122 0.0011868 0 240.166 568.474 25.322 0 
1 22 0 0 0 0 -0.000115109 -5.72058e-05 -0.000107083 0.0001673 0 240.166 568.474 25.322 0 
41 4
1 22 0 0 0 0 -0.00238534 -0.00141171 9.0669e-06 0.0027718 0 105.413 216.4 342.979 0 
1 22 0 0 0 0 -0.000295244 0.00139966 -0.00241923 0.0028105 0 105.413 216.4 342.979 0 
1 22 0 0 0 0 -0.000100207 -0.00028255 0.000178089 0.0003487 0 105.413 216.4 342.979 0 
1 22 0 0 0 0 -3.09754e-05 -0.000125794 -0.000105857 0.0001673 0 105.413 216.4 342.979 0 
42 3
1 22 0 0 0 0 -0.00167923 0.00200423 0.0016455 0.0030894 0 172.223 499.753 466.494 0 
1 22 0 0 0 0 -0.000733795 0.00185541 0.00202455 0.0028425 0 172.223 499.753 466.494 0 
1 22 0 0 0 0 -9.01764e-05 -0.000134916 -4.06853e-05 0.0001673 0 172.223 499.753 466.494 0 
43 3
1 22 0 0 0 0 0.00339941 0.00320913 0.000812757 0.004745 0 -113.758 510.467 244.897 0 
1 22 0 0 0 0 0.000715831 -0.000937093 0.000133927 0.0011868 0 -113.758 510.467 244.897 0 
1 22 0 0 0 0 -0.000131247 0.000102508 1.59834e-05 0.0001673 0 -113.758 510.467 244.897 0 
44 3
1 22 0 0 0 0 0.000388647 0.00415749 -0.00225372 0.004745 0 47.9542 593.358 83.2204 0 
1 22 0 0 0 0 -0.000757136 0.000909621 -8.8482e-05 0.0011868 0 47.9542 593.358 83.2204 0 
1 22 0 0 0 0 0.000155628 5.06805e-05 -3.46489e-05 0.0001673 0 47.9542 593.358 83.2204 0 
45 3
1 22 0 0 0 0 0.00144755 0.000564757 -0.00448338 0.004745 0 233.594 564.231 349.948 0 
1 22 0 0 0 0 -0.00106797 -0.000287606 -0.000430366 0.0011868 0 233.594 564.231 349.948 0 
1 22 0 0 0 0 -0.000138741 7.90186e-05 4.99615e-05 0.0001673 0 233.594 564.231 349.948 0 
46 2
1 22 0 0 0 0 -0.0031348 -0.00302637 -0.00348896 0.005582 0 -14.9373 582.557 473.728 0 
1 22 0 0 0 0 0.000202137 0.000378472 -0.000286627 0.000516 0 -14.9373 582.557 473.728 0 
47 2
1 22 0 0 0 0 0.00143229 0.000131525 -0.00539351 0.005582 0 213.906 485.837 565.78 0 
1 22 0 0 0 0 6.29769e-05 -0.000205166 0.000469251 0.000516 0 213.906 485.837 565.78 0 
48 3
1 22 0 0 0 0 -0.000706629 0.00267866 -9.11727e-05 0.0027718 0 298.523 554.79 83.6657 0 
1 22 0 0 0 0 -0.00126005 0.00249916 0.0002557 0.0028105 0 298.523 554.79 83.6657 0 
1 22 0 0 0 0 0.000286016 -0.000132697 -0.000408463 0.000516 0 298.523 554.79 83.6657 0 
49 4
1 22 0 0 0 0 -0.000500861 0.0032247 -0.00174454 0.0037004 0 -11.5099 583.726 416.662 0 
1 22 0 0 0 0 -0.000443322 -0.000618716 0.000714995 0.0010443 0 -11.5099 583.726 416.662 0 
1 22 0 0 0 0 -0.000542619 -0.000977114 -0.000399132 0.0011868 0 -11.5099 583.726 416.662 0 
1 22 0 0 0 0 1.18397e-05 0.000159263 4.98443e-05 0.0001673 0 -11.5099 583.726 416.662 0 
50 3
1 22 0 0 0 0 -0.0030541 0.000635314 0.00357545 0.004745 0 -3.70683 553.001 29.5416 0 
1 22 0 0 0 0 -0.00117303 -0.000178253 2.67481e-05 0.0011868 0 -3.70683 553.001 29.5416 0 
1 22 0 0 0 0 6.84986e-05 0.000135903 6.94817e-05 0.0001673 0 -3.70683 553.001 29.5416 0 
51 3
1 22 0 0 0 0 0.00155111 0.00033102 0.00227318 0.0027718 0 266.97 591.813 552.416 0 
1 22 0 0 0 0 -0.00205445 -0.00191784 -5.82782e-06 0.0028105 0 266.97 591.813 552.416 0 
1 22 0 0 0 0 -0.000260836 0.000444817 1.89168e-05 0.000516 0 266.97 591.813 552.416 0 
52 3
1 22 0 0 0 0 -0.00257904 -0.00333945 -0.00217063 0.004745 0 128.309 590.197 136.852 0 
1 22 0 0 0 0 -0.000325357 0.000832444 0.000780816 0.0011868 0 128.309 590.197 136.852 0 
1 22 0 0 0 0 -2.47839e-05 -0.000163767 2.35702e-05 0.0001673 0 128.309 590.197 136.852 0 
53 4
1 22 0 0 0 0 -0.000464338 0.00238336 0.0027923 0.0037004 0 262.666 594.142 108.879 0 
1 22 0 0 0 0 5.8016e-05 -0.000560814 0.000879024 0.0010443 0 262.666 594.142 108.879 0 
1 22 0 0 0 0 0.0010545 -0.000139575 0.000526346 0.0011868 0 262.666 594.142 108.879 0 
1 22 0 0 0 0 0.000127686 7.09275e-05 8.15769e-05 0.0001673 0 262.666 594.142 108.879 0 
54 3
1 22 0 0 0 0 0.000822542 -0.00234539 0.00404198 0.004745 0 180.544 595.34 258.233 0 
1 22 0 0 0 0 -0.00030712 -0.000518281 -0.00102252 0.0011868 0 180.544 595.34 258.233 0 
1 22 0 0 0 0 -0.0001288 -8.42295e-06 0.000106437 0.0001673 0 180.544 595.34 258.233 0 
55 3
1 22 0 0 0 0 0.00179548 -0.00179427 0.00176103 0.0030894 0 207.741 580.309 361.388 0 
1 22 0 0 0 0 0.000585954 0.000341622 0.00276039 0.0028425 0 207.741 580.309 361.388 0 
1 22 0 0 0 0 -5.35842e-05 -8.08583e-05 0.000136308 0.0001673 0 207.741 580.309 361.388 0 
56 3
1 22 0 0 0 0 -0.00266892 -0.00135656 0.00153728 0.0033655 0 -2.73415 560.894 601.194 0 
1 22 0 0 0 0 0.00138028 -0.00124376 0.00176996 0.0025661 0 -2.73415 560.894 601.194 0 
1 22 0 0 0 0 0.000160742 -2.47793e-05 3.92074e-05 0.0001673 0 -2.73415 560.894 601.194 0 
57 3
1 22 0 0 0 0 0.00138514 -0.00535059 -0.00078187 0.005582 0 247.747 549.132 526.489 0 
1 22 0 0 0 0 5.72843e-05 -0.00034275 -2.88514e-05 0.0003487 0 247.747 549.132 526.489 0 
1 22 0 0 0 0 6.7794e-05 0.000151457 -2.1307e-05 0.0001673 0 247.747 549.132 526.489 0 
58 3
1 22 0 0 0 0 0.00329517 -0.00186483 0.00285994 0.004745 0 117.337 517.458 143.528 0 
1 22 0 0 0 0 -0.00070587 -0.000897617 -0.000323304 0.0011868 0 117.337 517.458 143.528 0 
1 22 0 0 0 0 -8.56524e-05 0.000138113 -3.97194e-05 0.0001673 0 117.337 517.458 143.528 0 
59 4
1 22 0 0 0 0 -0.00288167 -0.00191082 -0.00131822 0.0037004 0 70.2911 5.67046 120.27 0 
1 22 0 0 0 0 0.00063405 -0.000820199 -0.000125765 0.0010443 0 70.2911 5.67046 120.27 0 
1 22 0 0 0 0 0.000170428 -0.000814101 0.000846575 0.0011868 0 70.2911 5.67046 120.27 0 
1 22 0 0 0 0 0.000102642 -2.6233e-05 -0.000129483 0.0001673 0 70.2911 5.67046 120.27 0 
60 3
1 22 0 0 0 0 0.000774217 0.00368668 0.00288514 0.004745 0 -200.204 582.21 518.647 0 
1 22 0 0 0 0 -0.000535512 -0.000483476 0.000942323 0.0011868 0 -200.204 582.21 518.647 0 
1 22 0 0 0 0 1.64573e-05 -2.96079e-05 0.000163835 0.0001673 0 -200.204 582.21 518.647 0 
61 4
1 22 0 0 0 0 -0.00248097 0.000679984 -0.00103213 0.0027718 0 238.41 591.207 261.304 0 
1 22 0 0 0 0 0.00090286 0.00133676 0.00113537 0.0019726 0 238.41 591.207 261.304 0 
1 22 0 0 0 0 -0.000773496 0.00081857 -0.000374353 0.0011868 0 238.41 591.207 261.304 0 
1 22 0 0 0 0 2.97984e-05 -0.000161282 3.30061e-05 0.0001673 0 238.41 591.207 261.304 0 
62 4
1 22 0 0 0 0 0.00103871 -0.00194494 -0.00297174 0.0037004 0 43.9563 520.592 225.592 0 
1 22 0 0 0 0 -0.000210388 -0.000499935 -0.000892393 0.0010443 0 43.9563 520.592 225.592 0 
1 22 0 0 0 0 -0.00115297 0.000250428 -0.000128186 0.0011868 0 43.9563 520.592 225.592 0 
1 22 0 0 0 0 -9.75054e-05 -0.000122919 5.80769e-05 0.0001673 0 43.9563 520.592 225.592 0 
63 4
1 22 0 0 0 0 -0.000200945 0.00473813 0.000157432 0.004745 0 339.17 527.428 48.2564 0 
1 22 0 0 0 0 0.000687661 -0.000190751 -0.000438723 0.0008377 0 339.17 527.428 48.2564 0 
1 22 0 0 0 0 -3.62222e-05 -0.000187489 -0.000291767 0.0003487 0 339.17 527.428 48.2564 0 
1 22 0 0 0 0 -3.56427e-06 -0.000138921 9.31534e-05 0.0001673 0 339.17 527.428 48.2564 0 
64 3
1 22 0 0 0 0 -0.00294758 0.00371174 -0.000223165 0.004745 0 172.457 591.136 420.352 0 
1 22 0 0 0 0 0.000321903 -6.68881e-05 -0.000770484 0.0008377 0 172.457 591.136 420.352 0 
1 22 0 0 0 0 0.000219347 0.000289815 -0.000366265 0.000516 0 172.457 591.136 420.352 0 
65 3
1 22 0 0 0 0 0.00279084 0.00210736 0.00320707 0.004745 0 114.868 270.999 618.325 0 
1 22 0 0 0 0 -0.00040095 0.000909048 0.000649127 0.0011868 0 114.868 270.999 618.325 0 
1 22 0 0 0 0 0.000112143 5.35898e-05 0.000111988 0.0001673 0 114.868 270.999 618.325 0 
66 3
1 22 0 0 0 0 -0.0024724 0.00184452 0.00360555 0.004745 0 335.56 469.959 236.795 0 
1 22 0 0 0 0 -0.00114587 -0.000164944 -0.000261274 0.0011868 0 335.56 469.959 236.795 0 
1 22 0 0 0 0 9.51071e-05 -4.19475e-05 -0.000131089 0.0001673 0 335.56 469.959 236.795 0 
67 3
1 22 0 0 0 0 0.00150554 -0.00383412 -0.0023554 0.004745 0 -29.0848 474.5 69.8218 0 
1 22 0 0 0 0 0.000904159 -0.000732199 0.000234253 0.0011868 0 -29.0848 474.5 69.8218 0 
1 22 0 0 0 0 -0.000164433 -2.98569e-05 -7.71507e-06 0.0001673 0 -29.0848 474.5 69.8218 0 
68 4
1 22 0 0 0 0 -0.001709 -0.000458283 -0.00440276 0.004745 0 -103.443 503.355 447.778 0 
1 22 0 0 0 0 -0.000159223 0.00063271 0.000525422 0.0008377 0 -103.443 503.355 447.778 0 
1 22 0 0 0 0 7.19325e-05 -0.000241003 -0.000241526 0.0003487 0 -103.443 503.355 447.778 0 
1 22 0 0 0 0 -5.35026e-05 -0.000102214 -0.000121157 0.0001673 0 -103.443 503.355 447.778 0 
69 3
1 22 0 0 0 0 -0.000197371 -0.000110847 -0.00276254 0.0027718 0 -112.178 569.635 405.554 0 
1 22 0 0 0 0 0.00133006 0.00043049 -0.00243814 0.0028105 0 -112.178 569.635 405.554 0 
1 22 0 0 0 0 0.000160979 -0.000439363 0.000217491 0.000516 0 -112.178 569.635 405.554 0 
70 3
1 22 0 0 0 0 0.000897656 0.00220027 -0.00142685 0.0027718 0 -61.0033 588.919 289.208 0 
1 22 0 0 0 0 -0.00276639 -5.64291e-06 -0.000495961 0.0028105 0 -61.0033 588.919 289.208 0 
1 22 0 0 0 0 0.000138487 -5.2089e-06 0.000497041 0.000516 0 -61.0033 588.919 289.208 0 
71 3
1 22 0 0 0 0 0.00264109 -0.00153738 0.000453317 0.0030894 0 265.859 582.095 103.995 0 
1 22 0 0 0 0 0.000999533 0.0012514 0.00234835 0.0028425 0 265.859 582.095 103.995 0 
1 22 0 0 0 0 8.27394e-05 8.7636e-05 0.000116032 0.0001673 0 265.859 582.095 103.995 0 
72 3
1 22 0 0 0 0 -0.00467944 0.00051025 0.000597946 0.004745 0 119.71 591.47 305.918 0 
1 22 0 0 0 0 -0.000643381 0.000872865 0.00048235 0.0011868 0 119.71 591.47 305.918 0 
1 22 0 0 0 0 0.000164901 1.84048e-05 2.14032e-05 0.0001673 0 119.71 591.47 305.918 0 
73 3
1 22 0 0 0 0 0.000470395 -0.000237342 0.00304414 0.0030894 0 217.772 556.552 112.699 0 
1 22 0 0 0 0 -0.000493051 0.00263943 0.000932806 0.0028425 0 217.772 556.552 112.699 0 
1 22 0 0 0 0 -7.83969e-05 -0.000139225 4.95934e-05 0.0001673 0 217.772 556.552 112.699 0 
74 3
1 22 0 0 0 0 -0.002039 0.00402801 0.00146036 0.004745 0 98.649 374.717 214.592 0 
1 22 0 0 0 0 0.00112472 -3.65859e-06 -0.000378785 0.0011868 0 98.649 374.717 214.592 0 
1 22 0 0 0 0 0.000165951 -3.54792e-06 2.09057e-05 0.0001673 0 98.649 374.717 214.592 0 
75 3
1 22 0 0 0 0 -0.00171289 0.00210926 0.00388999 0.004745 0 268.856 269.509 314.393 0 
1 22 0 0 0 0 -5.70411e-05 -0.000206142 -0.00116737 0.0011868 0 268.856 269.509 314.393 0 
1 22 0 0 0 0 -0.000144732 -5.32642e-05 6.48445e-05 0.0001673 0 268.856 269.509 314.393 0 
76 3
1 22 0 0 0 0 0.00129351 -0.000493259 0.00453856 0.004745 0 -345.61 426.177 156.232 0 
1 22 0 0 0 0 -0.000903896 0.000705581 0.000305977 0.0011868 0 -345.61 426.177 156.232 0 
1 22 0 0 0 0 -0.00016645 -1.66915e-05 -2.26321e-06 0.0001673 0 -345.61 426.177 156.232 0 
77 3
1 22 0 0 0 0 -0.00237073 0.00142282 0.000195202 0.0027718 0 301.828 555.995 20.4949 0 
1 22 0 0 0 0 0.00117975 0.000723315 -0.0024462 0.0028105 0 301.828 555.995 20.4949 0 
1 22 0 0 0 0 0.000204866 0.000360652 0.000306946 0.000516 0 301.828 555.995 20.4949 0 
78 3
1 22 0 0 0 0 0.00192348 0.000699272 0.000592568 0.0021307 0 108.248 593.738 254.769 0 
1 22 0 0 0 0 0.00276863 -0.00190011 -0.000799519 0.0034518 0 108.248 593.738 254.769 0 
1 22 0 0 0 0 -0.000357263 -0.000238269 0.000286089 0.000516 0 108.248 593.738 254.769 0 
79 3
1 22 0 0 0 0 -0.000918435 -0.0023173 0.00403753 0.004745 0 -64.9141 531.69 569.699 0 
1 22 0 0 0 0 0.0008352 4.53187e-05 4.6132e-05 0.0008377 0 -64.9141 531.69 569.699 0 
1 22 0 0 0 0 0.00034082 -0.000186287 -0.000339698 0.000516 0 -64.9141 531.69 569.699 0 
80 3
1 22 0 0 0 0 -0.00113846 0.00027802 0.004598 0.004745 0 122.785 322.312 211.297 0 
1 22 0 0 0 0 0.000199102 -0.00076148 -0.000888257 0.0011868 0 122.785 322.312 211.297 0 
1 22 0 0 0 0 0.000103211 8.47186e-07 0.000131667 0.0001673 0 122.785 322.312 211.297 0 
81 4
1 22 0 0 0 0 -0.00351221 -0.00178184 0.00264659 0.004745 0 238.77 497.561 533.557 0 
1 22 0 0 0 0 0.000183521 0.00022126 0.000786833 0.0008377 0 238.77 497.561 533.557 0 
1 22 0 0 0 0 -5.30645e-05 -0.00018238 -0.000292427 0.0003487 0 238.77 497.561 533.557 0 
1 22 0 0 0 0 -8.85155e-05 8.65646e-05 -0.00011252 0.0001673 0 238.77 497.561 533.557 0 
82 3
1 22 0 0 0 0 -0.00328289 0.0033919 0.000482324 0.004745 0 67.5742 567.334 387.126 0 
1 22 0 0 0 0 0.000887159 8.26882e-05 0.000783969 0.0011868 0 67.5742 567.334 387.126 0 
1 22 0 0 0 0 0.000150405 -6.95865e-05 2.29229e-05 0.0001673 0 67.5742 567.334 387.126 0 
83 3
1 22 0 0 0 0 -5.97764e-05 0.00429877 0.00200799 0.004745 0 28.4497 577.867 149.984 0 
1 22 0 0 0 0 0.000868739 1.57397e-05 0.000808417 0.0011868 0 28.4497 577.867 149.984 0 
1 22 0 0 0 0 6.30312e-05 0.000152268 -2.88237e-05 0.0001673 0 28.4497 577.867 149.984 0 
84 3
1 22 0 0 0 0 0.00327725 -0.00108548 0.00325521 0.004745 0 209.819 582.31 304.118 0 
1 22 0 0 0 0 0.000242945 -0.000523379 -0.000607284 0.0008377 0 209.819 582.31 304.118 0 
1 22 0 0 0 0 -0.000429742 6.15373e-06 -0.000285552 0.000516 0 209.819 582.31 304.118 0 
85 3
1 22 0 0 0 0 0.00310544 -0.00358632 9.80127e-05 0.004745 0 131.715 566.066 222.935 0 
1 22 0 0 0 0 -0.000867516 -0.00014664 0.000796496 0.0011868 0 131.715 566.066 222.935 0 
1 22 0 0 0 0 -7.32124e-05 -2.55814e-05 -0.000148239 0.0001673 0 131.715 566.066 222.935 0 
86 3
1 22 0 0 0 0 0.00297645 0.00313536 0.00195584 0.004745 0 90.6735 527.995 265.703 0 
1 22 0 0 0 0 -0.000529203 -0.000219683 -0.00103932 0.0011868 0 90.6735 527.995 265.703 0 
1 22 0 0 0 0 -3.31049e-05 8.55181e-05 0.000139929 0.0001673 0 90.6735 527.995 265.703 0 
87 3
1 22 0 0 0 0 0.000242926 -0.000509772 0.00309917 0.0031502 0 133.979 523.131 352.826 0 
1 22 0 0 0 0 0.000967651 7.5725e-05 0.00260698 0.0027818 0 133.979 523.131 352.826 0 
1 22 0 0 0 0 0.000135906 -9.70723e-05 9.78347e-06 0.0001673 0 133.979 523.131 352.826 0 
88 3
1 22 0 0 0 0 0.00381517 -0.00279717 -0.000367918 0.004745 0 291.408 569.839 178.085 0 
1 22 0 0 0 0 0.00116666 -0.000144482 -0.000162829 0.0011868 0 291.408 569.839 178.085 0 
1 22 0 0 0 0 1.87002e-05 0.000166203 4.02868e-06 0.0001673 0 291.408 569.839 178.085 0 
89 4
1 22 0 0 0 0 0.00177229 -0.00210379 -0.00034049 0.0027718 0 191.183 583.429 73.8435 0 
1 22 0 0 0 0 0.00210574 0.00136027 0.00127061 0.0028105 0 191.183 583.429 73.8435 0 
1 22 0 0 0 0 -0.000307653 0.000129535 -0.000100807 0.0003487 0 191.183 583.429 73.8435 0 
1 22 0 0 0 0 -6.66068e-05 -0.000153412 4.1808e-06 0.0001673 0 191.183 583.429 73.8435 0 
90 3
1 22 0 0 0 0 -0.00111314 0.00276732 0.00369024 0.004745 0 -178.756 536.215 252.248 0 
1 22 0 0 0 0 0.000997654 0.000128728 0.000629769 0.0011868 0 -178.756 536.215 252.248 0 
1 22 0 0 0 0 -1.15537e-05 -0.00014275 -8.6477e-05 0.0001673 0 -178.756 536.215 252.248 0 
91 3
1 22 0 0 0 0 0.00032078 0.00331508 0.0033797 0.004745 0 69.9855 590.202 437.542 0 
1 22 0 0 0 0 0.000488665 0.000183855 -0.00106579 0.0011868 0 69.9855 590.202 437.542 0 
1 22 0 0 0 0 -5.40869e-05 4.28259e-05 0.000152413 0.0001673 0 69.9855 590.202 437.542 0 
92 4
1 22 0 0 0 0 0.000728634 0.00345169 0.00111709 0.0037004 0 183.395 496.044 164.44 0 
1 22 0 0 0 0 0.000995434 0.00020374 -0.00024117 0.0010443 0 183.395 496.044 164.44 0 
1 22 0 0 0 0 -0.000182924 -0.000585739 -0.00101585 0.0011868 0 183.395 496.044 164.44 0 
1 22 0 0 0 0 1.84828e-05 2.57266e-05 -0.000164274 0.0001673 0 183.395 496.044 164.44 0 
93 3
1 22 0 0 0 0 -0.00403802 0.00252953 -0.00290769 0.005582 0 202.947 590.881 307.445 0 
1 22 0 0 0 0 -0.0002928 0.000188873 -1.36667e-05 0.0003487 0 202.947 590.881 307.445 0 
1 22 0 0 0 0 0.000123056 0.000100782 5.18612e-05 0.0001673 0 202.947 590.881 307.445 0 
94 3
1 22 0 0 0 0 -0.000834376 0.00302348 0.00356053 0.004745 0 236.055 591.515 73.6703 0 
1 22 0 0 0 0 7.04192e-05 0.000714275 -0.00094517 0.0011868 0 236.055 591.515 73.6703 0 
1 22 0 0 0 0 0.00015036 5.75087e-05 4.55394e-05 0.0001673 0 236.055 591.515 73.6703 0 
95 3
1 22 0 0 0 0 -0.00315917 0.00200726 -0.00291644 0.004745 0 209.515 573.578 348.378 0 
1 22 0 0 0 0 0.00112731 8.30475e-05 -0.000361611 0.0011868 0 209.515 573.578 348.378 0 
1 22 0 0 0 0 -3.53893e-05 4.69147e-05 0.000156639 0.0001673 0 209.515 573.578 348.378 0 
96 3
1 22 0 0 0 0 -0.000785741 -0.00262772 -0.00195046 0.0033655 0 248.182 574.728 284.474 0 
1 22 0 0 0 0 -0.000515595 0.00247662 -0.000430543 0.0025661 0 248.182 574.728 284.474 0 
1 22 0 0 0 0 3.28902e-05 -0.000161189 -3.04244e-05 0.0001673 0 248.182 574.728 284.474 0 
97 3
1 22 0 0 0 0 -0.00300354 -0.00242767 0.00275684 0.004745 0 301.841 576.514 582.134 0 
1 22 0 0 0 0 0.000462155 -0.00101719 -0.000400295 0.0011868 0 301.841 576.514 582.134 0 
1 22 0 0 0 0 -1.4328e-05 -0.000163163 3.4088e-05 0.0001673 0 301.841 576.514 582.134 0 
98 3
1 22 0 0 0 0 0.00133284 -0.00426314 -0.00160131 0.004745 0 207.736 484.185 168.504 0 
1 22 0 0 0 0 0.000121282 -0.00111867 0.000377316 0.0011868 0 207.736 484.185 168.504 0 
1 22 0 0 0 0 -4.33389e-05 -1.45055e-05 0.000160937 0.0001673 0 207.736 484.185 168.504 0 
99 3
1 22 0 0 0 0 -0.00317239 0.00255451 0.00243422 0.004745 0 127.771 564.586 323.161 0 
1 22 0 0 0 0 -0.000343743 0.000266036 0.00110434 0.0011868 0 127.771 564.586 323.161 0 
1 22 0 0 0 0 2.96544e-05 -9.61131e-05 0.000133687 0.0001673 0 127.771 564.586 323.161 0 
100 3
1 22 0 0 0 0 0.00218417 -0.00397802 0.00138557 0.004745 0 289.247 575.202 235.717 0 
1 22 0 0 0 0 0.000303619 -1.09864e-05 0.00114725 0.0011868 0 289.247 575.202 235.717 0 
1 22 0 0 0 0 4.16065e-05 0.000119421 0.00010953 0.0001673 0 289.247 575.202 235.717 0 
101 3
1 22 0 0 0 0 0.00230806 0.00331132 0.0024946 0.004745 0 86.8586 565.391 220.688 0 
1 22 0 0 0 0 0.000419719 -2.8457e-05 -0.00110974 0.0011868 0 86.8586 565.391 220.688 0 
1 22 0 0 0 0 8.52541e-05 -4.95769e-05 0.000135141 0.0001673 0 86.8586 565.391 220.688 0 
102 3
1 22 0 0 0 0 -0.00264175 -0.00219023 -0.00327705 0.004745 0 124.449 570.531 195.703 0 
1 22 0 0 0 0 0.000217117 -0.00072696 -0.000912624 0.0011868 0 124.449 570.531 195.703 0 
1 22 0 0 0 0 0.000147055 4.99176e-05 6.22284e-05 0.0001673 0 124.449 570.531 195.703 0 
103 3
1 22 0 0 0 0 0.000691295 0.00180374 -0.00433401 0.004745 0 273.95 558.866 474.831 0 
1 22 0 0 0 0 -0.00070662 -0.00094031 0.000158109 0.0011868 0 273.95 558.866 474.831 0 
1 22 0 0 0 0 0.000153047 -5.04618e-05 -4.49386e-05 0.0001673 0 273.95 558.866 474.831 0 
104 2
1 22 0 0 0 0 0.00266884 -0.00392247 -0.00294113 0.005582 0 -132.222 585.851 214.479 0 
1 22 0 0 0 0 -0.000409099 -0.000303922 -8.07764e-05 0.000516 0 -132.222 585.851 214.479 0 
105 4
1 22 0 0 0 0 0.0019222 -0.000693261 0.000603682 0.0021307 0 238.012 550.988 16.4962 0 
1 22 0 0 0 0 0.00144779 0.000828661 -0.00201291 0.0026143 0 238.012 550.988 16.4962 0 
1 22 0 0 0 0 -0.000737247 -0.000844973 -0.000388563 0.0011868 0 238.012 550.988 16.4962 0 
1 22 0 0 0 0 -0.000102761 -0.000124795 4.30768e-05 0.0001673 0 238.012 550.988 16.4962 0 
106 3
1 22 0 0 0 0 0.00140315 0.000385378 0.00155645 0.0021307 0 -144.714 583.653 119.539 0 
1 22 0 0 0 0 -0.00231617 0.00203726 -0.00154915 0.0034518 0 -144.714 583.653 119.539 0 
1 22 0 0 0 0 0.000315646 0.000325412 0.000246436 0.000516 0 -144.714 583.653 119.539 0 
107 3
1 22 0 0 0 0 -0.00153263 0.000614718 0.00293253 0.0033655 0 164.055 572.382 330.923 0 
1 22 0 0 0 0 0.000941701 0.00237874 0.000199113 0.0025661 0 164.055 572.382 330.923 0 
1 22 0 0 0 0 -0.000106147 -5.92561e-06 -0.000129178 0.0001673 0 164.055 572.382 330.923 0 
108 3
1 22 0 0 0 0 0.00294854 0.000849876 0.00138218 0.0033655 0 -215.576 579.988 244.376 0 
1 22 0 0 0 0 -0.000638278 -0.0010864 0.00223544 0.0025661 0 -215.576 579.988 244.376 0 
1 22 0 0 0 0 0.000165686 -3.47369e-06 2.29175e-05 0.0001673 0 -215.576 579.988 244.376 0 
109 3
1 22 0 0 0 0 0.000923957 -0.000632357 -0.00181282 0.0021307 0 -51.0818 365.096 550.61 0 
1 22 0 0 0 0 0.000695796 0.00213383 0.00262251 0.0034518 0 -51.0818 365.096 550.61 0 
1 22 0 0 0 0 -0.000198234 4.75273e-05 -0.000474026 0.000516 0 -51.0818 365.096 550.61 0 
110 3
1 22 0 0 0 0 -0.00121298 0.00418014 -0.00188947 0.004745 0 -143.872 517.055 346.936 0 
1 22 0 0 0 0 -0.000567771 -0.000231331 -0.00101618 0.0011868 0 -143.872 517.055 346.936 0 
1 22 0 0 0 0 6.94143e-05 -9.02612e-06 0.000151952 0.0001673 0 -143.872 517.055 346.936 0 
111 3
1 22 0 0 0 0 0.00337515 -0.00154696 0.0029547 0.004745 0 184.68 538.275 213.347 0 
1 22 0 0 0 0 0.000646885 0.00087735 -0.000469352 0.0011868 0 184.68 538.275 213.347 0 
1 22 0 0 0 0 1.10237e-05 0.0001473 7.85533e-05 0.0001673 0 184.68 538.275 213.347 0 
112 3
1 22 0 0 0 0 -0.000639683 0.00174302 0.00104526 0.0021307 0 -158.325 547.644 74.3678 0 
1 22 0 0 0 0 -0.000362147 0.00168063 0.0029932 0.0034518 0 -158.325 547.644 74.3678 0 
1 22 0 0 0 0 -6.19491e-05 0.000411376 -0.000305268 0.000516 0 -158.325 547.644 74.3678 0 
113 2
1 22 0 0 0 0 -0.00161745 -0.000826912 0.00527814 0.005582 0 -139.851 578.303 57.8621 0 
1 22 0 0 0 0 0.000223072 0.000427042 -0.000184743 0.000516 0 -139.851 578.303 57.8621 0 
114 3
1 22 0 0 0 0 -0.000502368 -0.00238934 0.00406862 0.004745 0 154.063 582.761 234.744 0 
1 22 0 0 0 0 -0.000534791 -0.000394297 -0.000510166 0.0008377 0 154.063 582.761 234.744 0 
1 22 0 0 0 0 0.000239602 0.000244107 0.00038634 0.000516 0 154.063 582.761 234.744 0 
115 3
1 22 0 0 0 0 0.00287028 0.00097136 0.000861234 0.0031502 0 14.3808 587.015 148.719 0 
1 22 0 0 0 0 0.0019611 -0.000565257 -0.00189024 0.0027818 0 14.3808 587.015 148.719 0 
1 22 0 0 0 0 -5.86758e-05 6.62019e-05 -0.000141999 0.0001673 0 14.3808 587.015 148.719 0 
116 3
1 22 0 0 0 0 -0.000917148 -0.00125431 0.00448337 0.004745 0 186.612 545.79 117.487 0 
1 22 0 0 0 0 -0.000128857 -0.000501355 0.00106796 0.0011868 0 186.612 545.79 117.487 0 
1 22 0 0 0 0 -0.000142802 -8.54326e-05 -1.72699e-05 0.0001673 0 186.612 545.79 117.487 0 
117 3
1 22 0 0 0 0 -0.00392802 0.0023927 -0.00116649 0.004745 0 303.107 506.564 196.844 0 
1 22 0 0 0 0 0.0002302 -0.000334288 0.00111524 0.0011868 0 303.107 506.564 196.844 0 
1 22 0 0 0 0 0.000112958 -6.51094e-05 0.000104836 0.0001673 0 303.107 506.564 196.844 0 
118 3
1 22 0 0 0 0 0.00324771 -0.00169138 -0.000533451 0.0037004 0 -288.609 436.462 212.266 0 
1 22 0 0 0 0 -0.000547597 -0.00163699 -0.000748628 0.0018815 0 -288.609 436.462 212.266 0 
1 22 0 0 0 0 -0.000424091 -0.000184983 -0.000228438 0.000516 0 -288.609 436.462 212.266 0 
119 3
1 22 0 0 0 0 -0.00436909 0.000914805 -0.00160909 0.004745 0 167.855 490.783 201.021 0 
1 22 0 0 0 0 0.00109069 -0.000268901 0.000382864 0.0011868 0 167.855 490.783 201.021 0 
1 22 0 0 0 0 -0.00013022 0.000104829 6.56766e-06 0.0001673 0 167.855 490.783 201.021 0 
120 3
1 22 0 0 0 0 0.00111184 -0.000783477 0.00454588 0.004745 0 129.681 593.273 78.1688 0 
1 22 0 0 0 0 -0.000352112 0.000114577 0.00112756 0.0011868 0 129.681 593.273 78.1688 0 
1 22 0 0 0 0 -0.000103314 -6.56396e-05 -0.000114048 0.0001673 0 129.681 593.273 78.1688 0 
121 3
1 22 0 0 0 0 -0.000211199 -0.0011325 -0.00142033 0.0018288 0 35.9013 565.986 267.759 0 
1 22 0 0 0 0 0.00346768 0.000495634 -0.00213543 0.0041025 0 35.9013 565.986 267.759 0 
1 22 0 0 0 0 -6.84134e-05 -0.000146602 4.26241e-05 0.0001673 0 35.9013 565.986 267.759 0 
122 4
1 22 0 0 0 0 -0.00264576 0.00255185 0.000425431 0.0037004 0 191.083 86.0859 167.412 0 
1 22 0 0 0 0 0.000223663 -0.000846349 -0.000569412 0.0010443 0 191.083 86.0859 167.412 0 
1 22 0 0 0 0 -0.000744375 0.000392059 -0.000837072 0.0011868 0 191.083 86.0859 167.412 0 
1 22 0 0 0 0 -7.29039e-05 0.00011343 -9.90353e-05 0.0001673 0 191.083 86.0859 167.412 0 
123 3
1 22 0 0 0 0 -0.00389282 -0.0022928 -0.00145055 0.004745 0 190.135 585.501 329.922 0 
1 22 0 0 0 0 -0.00111212 -6.66324e-05 -0.000408955 0.0011868 0 190.135 585.501 329.922 0 
1 22 0 0 0 0 -4.58927e-05 7.13522e-05 -0.000144194 0.0001673 0 190.135 585.501 329.922 0 
124 3
1 22 0 0 0 0 -0.00336921 -0.000234415 0.00333295 0.004745 0 309.458 583.97 234.429 0 
1 22 0 0 0 0 -0.00112304 0.000158177 0.000349637 0.0011868 0 309.458 583.97 234.429 0 
1 22 0 0 0 0 -9.00864e-05 9.87942e-05 -0.000100566 0.0001673 0 309.458 583.97 234.429 0 
125 3
1 22 0 0 0 0 -0.00254519 0.0016999 -0.000745735 0.0031502 0 -101.455 572.437 207.18 0 
1 22 0 0 0 0 0.000465124 -0.00250095 -0.00112576 0.0027818 0 -101.455 572.437 207.18 0 
1 22 0 0 0 0 2.16038e-05 -0.000147959 7.50371e-05 0.0001673 0 -101.455 572.437 207.18 0 
126 3
1 22 0 0 0 0 0.00262029 -0.00381884 -0.00103225 0.004745 0 -32.7909 582.375 302.41 0 
1 22 0 0 0 0 0.000959879 -0.000154459 0.000680639 0.0011868 0 -32.7909 582.375 302.41 0 
1 22 0 0 0 0 -5.20632e-05 -0.000114788 -0.000110011 0.0001673 0 -32.7909 582.375 302.41 0 
127 3
1 22 0 0 0 0 0.00125307 0.000325186 -0.00456498 0.004745 0 214.294 591.073 401.718 0 
1 22 0 0 0 0 0.00110895 -0.000113992 0.000407089 0.0011868 0 214.294 591.073 401.718 0 
1 22 0 0 0 0 -7.83745e-05 -1.63358e-06 0.000147797 0.0001673 0 214.294 591.073 401.718 0 
128 3
1 22 0 0 0 0 -0.00265893 -0.00199498 -0.00338602 0.004745 0 96.6201 183.255 335.222 0 
1 22 0 0 0 0 0.0010437 -0.000564952 3.26717e-06 0.0011868 0 96.6201 183.255 335.222 0 
1 22 0 0 0 0 8.17485e-05 -0.000143811 -2.49994e-05 0.0001673 0 96.6201 183.255 335.222 0 
129 4
1 22 0 0 0 0 0.000240148 0.00265857 -0.00256267 0.0037004 0 242.133 584.054 556.44 0 
1 22 0 0 0 0 -0.000382674 0.00070993 0.000663417 0.0010443 0 242.133 584.054 556.44 0 
1 22 0 0 0 0 -0.000795679 -0.000187561 0.000182911 0.0008377 0 242.133 584.054 556.44 0 
1 22 0 0 0 0 -0.00036145 0.000124689 -0.0003465 0.000516 0 242.133 584.054 556.44 0 
130 2
1 22 0 0 0 0 -0.00198645 -0.000128586 -0.005215 0.005582 0 9.75453 597.769 176.852 0 
1 22 0 0 0 0 0.000328733 -0.000395975 3.73494e-05 0.000516 0 9.75453 597.769 176.852 0 
131 3
1 22 0 0 0 0 -0.00357527 0.00303063 0.000740083 0.004745 0 56.7746 580.816 455.663 0 
1 22 0 0 0 0 -0.000132444 -0.000748975 -0.000911037 0.0011868 0 56.7746 580.816 455.663 0 
1 22 0 0 0 0 -8.22393e-05 -1.41567e-05 -0.000145002 0.0001673 0 56.7746 580.816 455.663 0 
132 3
1 22 0 0 0 0 -0.000800277 0.00219045 0.00413237 0.004745 0 135.25 571.143 450.588 0 
1 22 0 0 0 0 0.00117416 0.000172006 -1.61936e-05 0.0011868 0 135.25 571.143 450.588 0 
1 22 0 0 0 0 -0.000147371 -2.73341e-06 -7.91428e-05 0.0001673 0 135.25 571.143 450.588 0 
133 3
1 22 0 0 0 0 -0.00323742 0.00252519 -0.00237857 0.004745 0 -246.732 519.098 213.905 0 
1 22 0 0 0 0 0.000408689 0.000987919 -0.000515251 0.0011868 0 -246.732 519.098 213.905 0 
1 22 0 0 0 0 0.000109847 -8.63503e-05 9.20142e-05 0.0001673 0 -246.732 519.098 213.905 0 
134 3
1 22 0 0 0 0 -0.000112007 0.00155131 -0.00273946 0.0031502 0 98.0654 574.644 135.385 0 
1 22 0 0 0 0 -0.00127499 -0.00107686 -0.00222557 0.0027818 0 98.0654 574.644 135.385 0 
1 22 0 0 0 0 5.63482e-06 2.08686e-05 0.000165898 0.0001673 0 98.0654 574.644 135.385 0 
135 4
1 22 0 0 0 0 -0.00231883 0.00214857 0.00192343 0.0037004 0 216.011 575.983 642.198 0 
1 22 0 0 0 0 0.00158342 -0.000272107 -0.000979179 0.0018815 0 216.011 575.983 642.198 0 
1 22 0 0 0 0 -0.00032794 -0.000106066 5.28862e-05 0.0003487 0 216.011 575.983 642.198 0 
1 22 0 0 0 0 -2.82439e-05 -0.000164517 1.1215e-05 0.0001673 0 216.011 575.983 642.198 0 
136 4
1 22 0 0 0 0 -0.00273995 3.92789e-05 0.000417108 0.0027718 0 19.0942 592.425 367.401 0 
1 22 0 0 0 0 -0.00162835 -0.00192008 -0.00124927 0.0028105 0 19.0942 592.425 367.401 0 
1 22 0 0 0 0 1.08522e-05 7.16743e-05 0.000341082 0.0003487 0 19.0942 592.425 367.401 0 
1 22 0 0 0 0 -0.000152686 6.52108e-05 2.05868e-05 0.0001673 0 19.0942 592.425 367.401 0 
137 2
1 22 0 0 0 0 0.00220164 0.00497222 -0.00126035 0.005582 0 176.226 566.258 214.634 0 
1 22 0 0 0 0 0.000411747 -0.000130425 -0.000282328 0.000516 0 176.226 566.258 214.634 0 
138 3
1 22 0 0 0 0 -0.0018035 -0.00415187 -0.00142282 0.004745 0 -241.448 591.233 637.663 0 
1 22 0 0 0 0 0.000322025 0.000841665 -0.000772265 0.0011868 0 -241.448 591.233 637.663 0 
1 22 0 0 0 0 -2.99113e-05 1.63161e-05 0.000163794 0.0001673 0 -241.448 591.233 637.663 0 
139 3
1 22 0 0 0 0 -0.00121188 0.00421687 0.00180675 0.004745 0 -77.0987 592.415 65.725 0 
1 22 0 0 0 0 0.000820838 0.000590371 0.000621434 0.0011868 0 -77.0987 592.415 65.725 0 
1 22 0 0 0 0 -0.000151171 -6.38043e-05 3.26428e-05 0.0001673 0 -77.0987 592.415 65.725 0 
140 3
1 22 0 0 0 0 0.00247089 -0.00120053 -0.000369203 0.0027718 0 -92.5342 580.579 76.7083 0 
1 22 0 0 0 0 0.000923986 0.00261714 0.000442405 0.0028105 0 -92.5342 580.579 76.7083 0 
1 22 0 0 0 0 0.000413485 0.000211355 0.000224978 0.000516 0 -92.5342 580.579 76.7083 0 
141 4
1 22 0 0 0 0 0.00446478 0.0009129 0.0013219 0.004745 0 287.67 560.4 249.155 0 
1 22 0 0 0 0 -0.000640104 0.000262509 0.000472332 0.0008377 0 287.67 560.4 249.155 0 
1 22 0 0 0 0 9.30767e-05 -0.000210415 0.000262019 0.0003487 0 287.67 560.4 249.155 0 
1 22 0 0 0 0 -5.27221e-05 4.0176e-05 -0.000153608 0.0001673 0 287.67 560.4 249.155 0 
142 3
1 22 0 0 0 0 0.00306372 0.0010076 -0.00348043 0.004745 0 177.259 583.729 342.357 0 
1 22 0 0 0 0 0.00035333 -0.00113003 8.17481e-05 0.0011868 0 177.259 583.729 342.357 0 
1 22 0 0 0 0 0.000161087 4.1157e-05 1.86097e-05 0.0001673 0 177.259 583.729 342.357 0 
143 3
1 22 0 0 0 0 0.000124818 0.00405003 -0.00246916 0.004745 0 143.67 505.206 340.386 0 
1 22 0 0 0 0 -0.00035589 -0.0010752 0.00035465 0.0011868 0 143.67 505.206 340.386 0 
1 22 0 0 0 0 0.000138713 8.49852e-05 -3.90561e-05 0.0001673 0 143.67 505.206 340.386 0 
144 3
1 22 0 0 0 0 -0.0013708 0.00350287 -0.00289237 0.004745 0 292.974 536.67 263.531 0 
1 22 0 0 0 0 -0.000757495 -0.000391995 0.000825248 0.0011868 0 292.974 536.67 263.531 0 
1 22 0 0 0 0 -9.1434e-05 0.00013465 -3.87115e-05 0.0001673 0 292.974 536.67 263.531 0 
145 3
1 22 0 0 0 0 -0.00357345 -0.00166287 -0.00264204 0.004745 0 -171.443 483.419 658.882 0 
1 22 0 0 0 0 0.00118522 -6.01418e-05 -1.14453e-05 0.0011868 0 -171.443 483.419 658.882 0 
1 22 0 0 0 0 -0.000145226 -8.09029e-05 -1.88033e-05 0.0001673 0 -171.443 483.419 658.882 0 
146 3
1 22 0 0 0 0 -0.00177853 0.00129592 0.00168532 0.0027718 0 167.221 583.303 685.768 0 
1 22 0 0 0 0 0.002376 -0.000708419 0.00132351 0.0028105 0 167.221 583.303 685.768 0 
1 22 0 0 0 0 -7.13191e-05 -3.67609e-05 0.000509724 0.000516 0 167.221 583.303 685.768 0 
147 3
1 22 0 0 0 0 -0.00118959 -0.00288948 0.000399438 0.0031502 0 -216.02 593.931 76.7865 0 
1 22 0 0 0 0 -0.000618758 0.00163712 0.00168939 0.0024325 0 -216.02 593.931 76.7865 0 
1 22 0 0 0 0 -0.000482332 -0.000149368 0.000106304 0.000516 0 -216.02 593.931 76.7865 0 
148 4
1 22 0 0 0 0 -0.00197239 -0.000165286 0.000788829 0.0021307 0 270.575 571.412 419.583 0 
1 22 0 0 0 0 -0.000191488 -0.00260607 7.94387e-05 0.0026143 0 270.575 571.412 419.583 0 
1 22 0 0 0 0 -0.000817555 -5.7269e-05 -0.000858381 0.0011868 0 270.575 571.412 419.583 0 
1 22 0 0 0 0 4.87841e-05 -0.00014837 5.99636e-05 0.0001673 0 270.575 571.412 419.583 0 
149 3
1 22 0 0 0 0 0.0026744 -0.00292839 -0.00260521 0.004745 0 229.52 572.348 360.36 0 
1 22 0 0 0 0 -0.000137886 -0.000613574 -0.000553404 0.0008377 0 229.52 572.348 360.36 0 
1 22 0 0 0 0 -0.000166486 -0.00015564 -0.000462942 0.000516 0 229.52 572.348 360.36 0 
150 3
1 22 0 0 0 0 0.00139525 0.00225377 -0.00393558 0.004745 0 212.25 572.16 181.93 0 
1 22 0 0 0 0 -0.000378561 -0.000570129 -0.0004831 0.0008377 0 212.25 572.16 181.93 0 
1 22 0 0 0 0 -0.000203991 2.92965e-05 -0.000473059 0.000516 0 212.25 572.16 181.93 0 
151 3
1 22 0 0 0 0 0.000655733 0.00203555 -0.00423575 0.004745 0 236.726 592.675 348.505 0 
1 22 0 0 0 0 1.96899e-05 -0.000226727 0.000806194 0.0008377 0 236.726 592.675 348.505 0 
1 22 0 0 0 0 0.000137475 -0.000490013 -8.5109e-05 0.000516 0 236.726 592.675 348.505 0 
152 3
1 22 0 0 0 0 0.000237853 -0.00472904 0.000307585 0.004745 0 -113.127 579.749 36.5956 0 
1 22 0 0 0 0 0.000761736 -0.000181351 0.000891832 0.0011868 0 -113.127 579.749 36.5956 0 
1 22 0 0 0 0 7.82761e-05 4.21417e-05 0.000141726 0.0001673 0 -113.127 579.749 36.5956 0 
153 3
1 22 0 0 0 0 0.000460482 -0.00276367 0.00241724 0.0037004 0 347.374 592.171 255.74 0 
1 22 0 0 0 0 -0.001632 -0.000578031 -0.00073655 0.0018815 0 347.374 592.171 255.74 0 
1 22 0 0 0 0 0.000360524 -0.000276814 0.000244239 0.000516 0 347.374 592.171 255.74 0 
154 3
1 22 0 0 0 0 0.0043008 0.0017259 0.00101952 0.004745 0 180.223 394.774 441.132 0 
1 22 0 0 0 0 -0.000282261 -0.000808534 0.000821642 0.0011868 0 180.223 394.774 441.132 0 
1 22 0 0 0 0 -6.99576e-05 -3.56113e-05 0.00014774 0.0001673 0 180.223 394.774 441.132 0 
155 3
1 22 0 0 0 0 -0.000242804 0.0013455 0.00454375 0.004745 0 131.359 282.511 13.5719 0 
1 22 0 0 0 0 0.000879962 8.10658e-05 0.000792205 0.0011868 0 131.359 282.511 13.5719 0 
1 22 0 0 0 0 0.000134208 2.57019e-05 -9.65247e-05 0.0001673 0 131.359 282.511 13.5719 0 
156 3
1 22 0 0 0 0 -0.00303719 0.0021039 -0.00418423 0.005582 0 200.334 563.751 226.697 0 
1 22 0 0 0 0 -0.000315897 0.00014756 -5.19042e-06 0.0003487 0 200.334 563.751 226.697 0 
1 22 0 0 0 0 -0.000112577 -7.65165e-06 0.00012352 0.0001673 0 200.334 563.751 226.697 0 
157 3
1 22 0 0 0 0 0.00175641 0.00220195 0.00381857 0.004745 0 228.666 431.188 386.495 0 
1 22 0 0 0 0 -0.00116117 -0.000239613 5.25591e-05 0.0011868 0 228.666 431.188 386.495 0 
1 22 0 0 0 0 -7.07518e-05 -9.63541e-05 0.000117044 0.0001673 0 228.666 431.188 386.495 0 
158 3
1 22 0 0 0 0 -0.00208496 -0.000501712 -0.00423276 0.004745 0 208.375 552.919 156.695 0 
1 22 0 0 0 0 -9.04051e-06 0.000596213 -0.00102613 0.0011868 0 208.375 552.919 156.695 0 
1 22 0 0 0 0 -2.78297e-05 -9.82337e-05 0.000132533 0.0001673 0 208.375 552.919 156.695 0 
159 3
1 22 0 0 0 0 -0.00112776 0.00179767 0.000190834 0.0021307 0 319.846 533.376 628.042 0 
1 22 0 0 0 0 0.00192673 -0.00112488 -0.00263387 0.0034518 0 319.846 533.376 628.042 0 
1 22 0 0 0 0 -0.000416629 0.000183988 -0.000242538 0.000516 0 319.846 533.376 628.042 0 
160 3
1 22 0 0 0 0 -0.00320432 0.000996783 0.000255618 0.0033655 0 73.8766 264.646 170.833 0 
1 22 0 0 0 0 -0.00255369 0.000142171 -0.000208187 0.0025661 0 73.8766 264.646 170.833 0 
1 22 0 0 0 0 -5.81264e-05 -0.000146857 5.51689e-05 0.0001673 0 73.8766 264.646 170.833 0 
161 3
1 22 0 0 0 0 0.000230414 0.00199794 -0.00429769 0.004745 0 229.056 162.532 215.434 0 
1 22 0 0 0 0 -0.000977336 6.30113e-05 -0.000670326 0.0011868 0 229.056 162.532 215.434 0 
1 22 0 0 0 0 0.0001611 2.36154e-05 3.84516e-05 0.0001673 0 229.056 162.532 215.434 0 
162 4
1 22 0 0 0 0 -0.00252589 -0.000201093 0.00269674 0.0037004 0 329.313 544.534 214.97 0 
1 22 0 0 0 0 0.00061927 -0.000835909 9.12308e-05 0.0010443 0 329.313 544.534 214.97 0 
1 22 0 0 0 0 0.00116754 -1.06952e-05 -0.000212655 0.0011868 0 329.313 544.534 214.97 0 
1 22 0 0 0 0 6.45461e-05 -6.20224e-06 -0.000154223 0.0001673 0 329.313 544.534 214.97 0 
163 3
1 22 0 0 0 0 -0.00172119 -0.00182977 0.00117147 0.0027718 0 335.622 589.915 547.449 0 
1 22 0 0 0 0 0.00175254 0.00170457 0.00138635 0.0028105 0 335.622 589.915 547.449 0 
1 22 0 0 0 0 -0.000460437 0.0001424 0.000184326 0.000516 0 335.622 589.915 547.449 0 
164 3
1 22 0 0 0 0 -0.00431512 -0.00128173 0.00150065 0.004745 0 19.8642 520.297 693.409 0 
1 22 0 0 0 0 -8.0763e-05 -0.000991081 0.000647866 0.0011868 0 19.8642 520.297 693.409 0 
1 22 0 0 0 0 3.46515e-05 9.71869e-05 -0.000131694 0.0001673 0 19.8642 520.297 693.409 0 
165 4
1 22 0 0 0 0 0.00276248 0.000156323 -0.000164746 0.0027718 0 -37.8136 564.329 251.643 0 
1 22 0 0 0 0 -0.000717941 -0.0017608 -0.00206955 0.0028105 0 -37.8136 564.329 251.643 0 
1 22 0 0 0 0 0.000116146 0.000240773 0.000223898 0.0003487 0 -37.8136 564.329 251.643 0 
1 22 0 0 0 0 -0.000160968 1.44286e-05 4.32478e-05 0.0001673 0 -37.8136 564.329 251.643 0 
166 3
1 22 0 0 0 0 -0.00416212 -0.00211241 0.000854087 0.004745 0 120.906 589.225 345.705 0 
1 22 0 0 0 0 -0.000640476 -0.00036117 -0.000401358 0.0008377 0 120.906 589.225 345.705 0 
1 22 0 0 0 0 0.000357855 -0.00020483 -0.000310226 0.000516 0 120.906 589.225 345.705 0 
167 3
1 22 0 0 0 0 -0.00166449 0.0032435 0.00303714 0.004745 0 157.956 421.378 114.529 0 
1 22 0 0 0 0 -0.000321109 -0.00111816 -0.000234758 0.0011868 0 157.956 421.378 114.529 0 
1 22 0 0 0 0 0.000100038 8.73909e-06 0.000133811 0.0001673 0 157.956 421.378 114.529 0 
168 3
1 22 0 0 0 0 0.00333849 0.000249795 -0.0033626 0.004745 0 223.092 562.832 8.86206 0 
1 22 0 0 0 0 0.000902794 0.000681392 -0.000359393 0.0011868 0 223.092 562.832 8.86206 0 
1 22 0 0 0 0 0.000150833 7.22453e-05 4.40129e-06 0.0001673 0 223.092 562.832 8.86206 0 
169 3
1 22 0 0 0 0 0.00116159 -0.00270868 0.00371871 0.004745 0 16.5104 557.032 135.596 0 
1 22 0 0 0 0 0.000242905 -0.000752391 -0.000885099 0.0011868 0 16.5104 557.032 135.596 0 
1 22 0 0 0 0 3.37199e-05 3.50885e-05 -0.000160066 0.0001673 0 16.5104 557.032 135.596 0 
170 3
1 22 0 0 0 0 -0.00456729 -0.00128558 -4.63536e-05 0.004745 0 233.314 559.209 438.158 0 
1 22 0 0 0 0 -0.000627213 0.000495842 -0.000249973 0.0008377 0 233.314 559.209 438.158 0 
1 22 0 0 0 0 0.000295889 -0.000304764 -0.000292958 0.000516 0 233.314 559.209 438.158 0 
171 3
1 22 0 0 0 0 -0.00207048 0.00184229 4.42951e-05 0.0027718 0 39.4755 592.988 200.049 0 
1 22 0 0 0 0 0.00159092 -0.000482108 -0.00226616 0.0028105 0 39.4755 592.988 200.049 0 
1 22 0 0 0 0 0.000470162 -0.000205405 5.48855e-05 0.000516 0 39.4755 592.988 200.049 0 
172 3
1 22 0 0 0 0 0.00349327 0.0031403 -0.000671286 0.004745 0 -85.0138 563.37 318.539 0 
1 22 0 0 0 0 0.00010023 -0.000700299 0.000448638 0.0008377 0 -85.0138 563.37 318.539 0 
1 22 0 0 0 0 -0.000357883 -1.05022e-05 -0.000371572 0.000516 0 -85.0138 563.37 318.539 0 
173 3
1 22 0 0 0 0 0.00405057 0.00096059 0.0022771 0.004745 0 -267.772 225.39 232.205 0 
1 22 0 0 0 0 -0.00111959 -0.000299474 0.000255575 0.0011868 0 -267.772 225.39 232.205 0 
1 22 0 0 0 0 -0.000157446 -1.76328e-05 -5.37494e-05 0.0001673 0 -267.772 225.39 232.205 0 
174 3
1 22 0 0 0 0 -0.002387 -0.00183184 0.00366901 0.004745 0 21.1507 300.521 457.213 0 
1 22 0 0 0 0 -0.000629038 -0.000431354 -0.000909252 0.0011868 0 21.1507 300.521 457.213 0 
1 22 0 0 0 0 -6.05693e-05 0.000104344 0.000115901 0.0001673 0 21.1507 300.521 457.213 0 
175 3
1 22 0 0 0 0 -0.0016561 0.000358989 -0.00219348 0.0027718 0 -23.9403 459.382 647.165 0 
1 22 0 0 0 0 0.00120554 -0.00253102 0.000198717 0.0028105 0 -23.9403 459.382 647.165 0 
1 22 0 0 0 0 -0.000208951 0.000140265 -0.000450468 0.000516 0 -23.9403 459.382 647.165 0 
176 3
1 22 0 0 0 0 0.00134235 -0.00252291 0.00132543 0.0031502 0 24.1547 255.339 496.277 0 
1 22 0 0 0 0 0.00126722 -0.0017675 -0.00108956 0.0024325 0 24.1547 255.339 496.277 0 
1 22 0 0 0 0 -0.000502296 -1.3348e-06 -0.000118125 0.000516 0 24.1547 255.339 496.277 0 
177 2
1 22 0 0 0 0 -0.00449006 0.00280909 0.00176271 0.005582 0 -179.271 591.935 605.618 0 
1 22 0 0 0 0 0.00032205 -4.56296e-05 0.000400572 0.000516 0 -179.271 591.935 605.618 0 
178 3
1 22 0 0 0 0 -0.00409254 0.00227701 -0.000762463 0.004745 0 34.7743 551.003 675.122 0 
1 22 0 0 0 0 0.000712339 -0.000398778 0.000861419 0.0011868 0 34.7743 551.003 675.122 0 
1 22 0 0 0 0 6.99358e-05 0.000132804 -7.39005e-05 0.0001673 0 34.7743 551.003 675.122 0 
179 3
1 22 0 0 0 0 -0.0017388 -0.00172365 0.00406456 0.004745 0 126.734 587.132 187.844 0 
1 22 0 0 0 0 -0.000378078 0.00104015 -0.00042853 0.0011868 0 126.734 587.132 187.844 0 
1 22 0 0 0 0 -0.000115976 7.52462e-05 -9.42177e-05 0.0001673 0 126.734 587.132 187.844 0 
180 3
1 22 0 0 0 0 0.00272342 -0.000327328 0.00486154 0.005582 0 349.016 586.104 545.442 0 
1 22 0 0 0 0 -6.87137e-05 -0.000299012 -0.000165716 0.0003487 0 349.016 586.104 545.442 0 
1 22 0 0 0 0 -0.000162115 3.71401e-06 4.11611e-05 0.0001673 0 349.016 586.104 545.442 0 
181 3
1 22 0 0 0 0 0.000725219 -0.00454305 0.00116181 0.004745 0 331.876 480.614 317.012 0 
1 22 0 0 0 0 0.000396761 -0.00100625 0.000488407 0.0011868 0 331.876 480.614 317.012 0 
1 22 0 0 0 0 -9.62614e-05 0.000133875 2.8294e-05 0.0001673 0 331.876 480.614 317.012 0 
182 3
1 22 0 0 0 0 -0.00261473 -2.35146e-06 -0.00395957 0.004745 0 303.56 282.265 153.029 0 
1 22 0 0 0 0 -0.000924439 -0.000654769 0.000353812 0.0011868 0 303.56 282.265 153.029 0 
1 22 0 0 0 0 1.11988e-05 -0.000107124 -0.000128017 0.0001673 0 303.56 282.265 153.029 0 
183 3
1 22 0 0 0 0 0.000378339 0.00208321 -0.00424642 0.004745 0 330.235 506.483 470.224 0 
1 22 0 0 0 0 -0.000225988 0.00110665 -0.00036436 0.0011868 0 330.235 506.483 470.224 0 
1 22 0 0 0 0 -0.00013522 -5.99508e-05 7.81707e-05 0.0001673 0 330.235 506.483 470.224 0 
184 3
1 22 0 0 0 0 -0.00155085 0.00448133 -0.000166172 0.004745 0 227.737 574.685 126.759 0 
1 22 0 0 0 0 0.00096835 -0.000395695 -0.000560552 0.0011868 0 227.737 574.685 126.759 0 
1 22 0 0 0 0 -7.56983e-05 -0.000108621 0.000102277 0.0001673 0 227.737 574.685 126.759 0 
185 3
1 22 0 0 0 0 0.00184085 -0.00431768 -0.000695656 0.004745 0 -71.8165 550.956 677.319 0 
1 22 0 0 0 0 0.000728261 -0.000862236 0.000366987 0.0011868 0 -71.8165 550.956 677.319 0 
1 22 0 0 0 0 -0.000155146 2.53921e-05 -5.72212e-05 0.0001673 0 -71.8165 550.956 677.319 0 
186 3
1 22 0 0 0 0 -0.00159328 -0.00148311 -0.00421626 0.004745 0 66.7777 575.065 582.615 0 
1 22 0 0 0 0 -0.000717816 -0.000768928 -0.000549531 0.0011868 0 66.7777 575.065 582.615 0 
1 22 0 0 0 0 -0.00016494 -2.79572e-05 1.52447e-06 0.0001673 0 66.7777 575.065 582.615 0 
187 3
1 22 0 0 0 0 0.00292524 0.0024808 0.00279349 0.004745 0 211.606 10.6902 532.915 0 
1 22 0 0 0 0 -0.000452777 -0.000552785 -0.000947585 0.0011868 0 211.606 10.6902 532.915 0 
1 22 0 0 0 0 -0.000106236 3.5103e-05 -0.000124383 0.0001673 0 211.606 10.6902 532.915 0 
188 3
1 22 0 0 0 0 0.0007655 -0.0019649 -0.000305086 0.0021307 0 249.584 491.63 437.945 0 
1 22 0 0 0 0 -0.00190633 -0.00274967 -0.000848627 0.0034518 0 249.584 491.63 437.945 0 
1 22 0 0 0 0 0.000111822 0.000191751 -0.000465815 0.000516 0 249.584 491.63 437.945 0 
189 3
1 22 0 0 0 0 -0.000807051 -0.00434188 0.00173545 0.004745 0 -13.2392 584.21 391.164 0 
1 22 0 0 0 0 0.0010861 0.000456024 0.000144666 0.0011868 0 -13.2392 584.21 391.164 0 
1 22 0 0 0 0 -3.03001e-05 -3.04592e-05 -0.000161689 0.0001673 0 -13.2392 584.21 391.164 0 
190 3
1 22 0 0 0 0 0.00152011 0.00362906 0.00265221 0.004745 0 -117.803 552.261 564.872 0 
1 22 0 0 0 0 0.000761356 -0.000267561 -0.000224699 0.0008377 0 -117.803 552.261 564.872 0 
1 22 0 0 0 0 -0.000135469 -0.000428559 -0.000253459 0.000516 0 -117.803 552.261 564.872 0 
191 3
1 22 0 0 0 0 0.00430538 -0.00077734 0.00183698 0.004745 0 313 252.837 356.497 0 
1 22 0 0 0 0 0.00057023 -0.00103642 9.57266e-05 0.0011868 0 313 252.837 356.497 0 
1 22 0 0 0 0 0.000140226 8.41492e-05 3.52817e-05 0.0001673 0 313 252.837 356.497 0 
192 3
1 22 0 0 0 0 0.00159139 -0.00225123 0.000286885 0.0027718 0 -71.5881 512.425 196.89 0 
1 22 0 0 0 0 -0.00213414 0.00157264 -0.000933368 0.0028105 0 -71.5881 512.425 196.89 0 
1 22 0 0 0 0 0.000225395 -0.000382803 -0.000262517 0.000516 0 -71.5881 512.425 196.89 0 
193 4
1 22 0 0 0 0 0.00175459 0.00303628 0.00118126 0.0037004 0 289.912 591.341 272.092 0 
1 22 0 0 0 0 0.000992774 -8.28587e-05 0.000313204 0.0010443 0 289.912 591.341 272.092 0 
1 22 0 0 0 0 -0.000304058 0.00111878 0.000253736 0.0011868 0 289.912 591.341 272.092 0 
1 22 0 0 0 0 -0.000127422 -0.000108199 -6.775e-06 0.0001673 0 289.912 591.341 272.092 0 
194 3
1 22 0 0 0 0 0.00118182 -0.00307893 0.00341152 0.004745 0 -41.9521 582.764 285.556 0 
1 22 0 0 0 0 0.00054361 -0.000484877 -0.000936951 0.0011868 0 -41.9521 582.764 285.556 0 
1 22 0 0 0 0 3.3065e-05 -1.44741e-05 -0.00016336 0.0001673 0 -41.9521 582.764 285.556 0 
195 3
1 22 0 0 0 0 0.000314368 0.00175198 0.000419825 0.0018288 0 114.585 583.056 107.227 0 
1 22 0 0 0 0 -0.00175741 -0.00348658 0.00125926 0.0041025 0 114.585 583.056 107.227 0 
1 22 0 0 0 0 -9.2595e-05 -2.52702e-05 -0.000137029 0.0001673 0 114.585 583.056 107.227 0 
196 3
1 22 0 0 0 0 -0.00546402 0.000695235 0.000905462 0.005582 0 9.65246 596.606 129.618 0 
1 22 0 0 0 0 -0.000258191 -0.000234189 -9.19434e-06 0.0003487 0 9.65246 596.606 129.618 0 
1 22 0 0 0 0 6.52733e-05 -0.00010664 -0.00011116 0.0001673 0 9.65246 596.606 129.618 0 
197 3
1 22 0 0 0 0 -0.00452285 -0.000816383 -0.00117997 0.004745 0 110.305 583.23 116.724 0 
1 22 0 0 0 0 0.000102028 -0.000409996 -0.00110905 0.0011868 0 110.305 583.23 116.724 0 
1 22 0 0 0 0 9.53249e-05 5.35528e-05 -0.000126628 0.0001673 0 110.305 583.23 116.724 0 
198 3
1 22 0 0 0 0 0.00328558 -0.00124946 0.00318729 0.004745 0 -12.1595 515.904 443.099 0 
1 22 0 0 0 0 -0.000373039 0.000899972 -0.000677781 0.0011868 0 -12.1595 515.904 443.099 0 
1 22 0 0 0 0 8.73923e-05 5.09264e-05 0.000133261 0.0001673 0 -12.1595 515.904 443.099 0 
199 3
1 22 0 0 0 0 0.00403744 -0.000246106 0.00384672 0.005582 0 55.6065 528.871 696.346 0 
1 22 0 0 0 0 -9.36347e-05 0.000335321 -1.95903e-05 0.0003487 0 55.6065 528.871 696.346 0 
1 22 0 0 0 0 -0.000121207 8.15623e-05 -8.15207e-05 0.0001673 0 55.6065 528.871 696.346 0 
