0 3
1 22 0 0 0 0 -0.00153737 -0.00348203 0.0028332 0.004745 0 -92.561 563.715 57.1208 0 
1 22 0 0 0 0 -0.00060007 -0.000665835 -0.000777865 0.0011868 0 -92.561 563.715 57.1208 0 
1 22 0 0 0 0 -5.14171e-05 -0.000109734 0.000115343 0.0001673 0 -92.561 563.715 57.1208 0 
1 2
1 22 0 0 0 0 0.0028717 0.00448245 -0.0016792 0.005582 0 18.0029 525.605 215.789 0 
1 22 0 0 0 0 7.99452e-05 0.000324027 -0.000393537 0.000516 0 18.0029 525.605 215.789 0 
2 3
1 22 0 0 0 0 -7.01879e-05 0.0022851 0.00415794 0.004745 0 317.605 584.896 330.143 0 
1 22 0 0 0 0 0.000881361 -0.000477609 0.000635285 0.0011868 0 317.605 584.896 330.143 0 
1 22 0 0 0 0 -6.40906e-05 0.000149671 -3.84731e-05 0.0001673 0 317.605 584.896 330.143 0 
3 3
1 22 0 0 0 0 -0.00450353 0.00129244 0.000750217 0.004745 0 160.592 598.367 64.2944 0 
1 22 0 0 0 0 -0.000506291 -0.000228488 -0.00104879 0.0011868 0 160.592 598.367 64.2944 0 
1 22 0 0 0 0 -0.000128461 0.000101679 -3.38874e-05 0.0001673 0 160.592 598.367 64.2944 0 
4 4
1 22 0 0 0 0 -0.00279597 0.00370577 0.000982285 0.004745 0 -48.3841 582.736 130.649 0 
1 22 0 0 0 0 -0.000357284 -0.000274724 -0.000706128 0.0008377 0 -48.3841 582.736 130.649 0 
1 22 0 0 0 0 0.00032348 -9.2388e-05 9.17421e-05 0.0003487 0 -48.3841 582.736 130.649 0 
1 22 0 0 0 0 5.4415e-05 -0.000105176 0.000118179 0.0001673 0 -48.3841 582.736 130.649 0 
5 3
1 22 0 0 0 0 0.00301513 0.000752551 0.00358576 0.004745 0 139.773 411.236 458.973 0 
1 22 0 0 0 0 2.29678e-05 -0.001149 0.000296271 0.0011868 0 139.773 411.236 458.973 0 
1 22 0 0 0 0 -0.000144486 -6.97175e-06 -8.40508e-05 0.0001673 0 139.773 411.236 458.973 0 
6 3
1 22 0 0 0 0 0.00194327 0.00127862 -0.00243217 0.0033655 0 -112.228 561.869 200.45 0 
1 22 0 0 0 0 -0.00210054 0.00144158 -0.000307306 0.0025661 0 -112.228 561.869 200.45 0 
1 22 0 0 0 0 -0.00013642 8.91824e-05 3.77545e-05 0.0001673 0 -112.228 561.869 200.45 0 
7 3
1 22 0 0 0 0 -0.00305243 -0.000731412 0.00195976 0.0037004 0 279.748 580.732 93.656 0 
1 22 0 0 0 0 -0.000603831 0.00145767 0.001025 0.0018815 0 279.748 580.732 93.656 0 
1 22 0 0 0 0 0.000272601 0.000230587 -0.000372524 0.000516 0 279.748 580.732 93.656 0 
8 4
1 22 0 0 0 0 0.00082783 -0.00292369 -0.000830976 0.0031502 0 318.95 503.018 142.276 0 
1 22 0 0 0 0 -0.00137729 -0.00157141 -0.00124531 0.0024325 0 318.95 503.018 142.276 0 
1 22 0 0 0 0 5.18948e-06 -9.29559e-05 0.000336042 0.0003487 0 318.95 503.018 142.276 0 
1 22 0 0 0 0 2.80736e-05 -5.20797e-05 -0.000156489 0.0001673 0 318.95 503.018 142.276 0 
9 3
1 22 0 0 0 0 0.00255799 -0.00341392 0.00360008 0.005582 0 91.0591 315.115 273.944 0 
1 22 0 0 0 0 -2.9373e-05 -0.000341332 6.497e-05 0.0003487 0 91.0591 315.115 273.944 0 
1 22 0 0 0 0 -0.000151249 -3.20431e-05 6.39245e-05 0.0001673 0 91.0591 315.115 273.944 0 
10 3
1 22 0 0 0 0 0.000837583 -0.00193055 0.000333621 0.0021307 0 283.043 515.118 288.238 0 
1 22 0 0 0 0 6.33983e-05 -0.00291038 0.00185488 0.0034518 0 283.043 515.118 288.238 0 
1 22 0 0 0 0 -0.000120916 -0.000499988 -4.05918e-05 0.000516 0 283.043 515.118 288.238 0 
11 3
1 22 0 0 0 0 0.000388126 0.004451 -0.00159782 0.004745 0 15.6022 487.44 74.6295 0 
1 22 0 0 0 0 0.000654432 0.000164727 -0.000976257 0.0011868 0 15.6022 487.44 74.6295 0 
1 22 0 0 0 0 0.000155373 -5.60625e-05 2.65644e-05 0.0001673 0 15.6022 487.44 74.6295 0 
12 3
1 22 0 0 0 0 0.00469284 1.75555e-05 0.000701406 0.004745 0 -22.8227 546.504 502.633 0 
1 22 0 0 0 0 -0.000523356 -0.000847907 0.000644706 0.0011868 0 -22.8227 546.504 502.633 0 
1 22 0 0 0 0 -4.0022e-05 0.000109702 0.000119804 0.0001673 0 -22.8227 546.504 502.633 0 
13 3
1 22 0 0 0 0 -0.00393461 0.00164251 0.00208232 0.004745 0 260.782 209.978 305.333 0 
1 22 0 0 0 0 -0.000304724 0.000423754 -0.00106587 0.0011868 0 260.782 209.978 305.333 0 
1 22 0 0 0 0 7.89372e-05 0.0001369 -5.49233e-05 0.0001673 0 260.782 209.978 305.333 0 
14 4
1 22 0 0 0 0 0.00109454 -0.00254267 -0.000140333 0.0027718 0 175.573 151.791 297.212 0 
1 22 0 0 0 0 -0.00120078 -0.00216246 0.00133446 0.0028105 0 175.573 151.791 297.212 0 
1 22 0 0 0 0 6.18694e-05 -0.000160728 0.0003032 0.0003487 0 175.573 151.791 297.212 0 
1 22 0 0 0 0 -8.51394e-05 0.000103338 0.000100308 0.0001673 0 175.573 151.791 297.212 0 
15 4
1 22 0 0 0 0 0.00117648 0.00248121 -0.000377298 0.0027718 0 264.654 555.139 214.577 0 
1 22 0 0 0 0 0.00169939 0.00158678 -0.00157896 0.0028105 0 264.654 555.139 214.577 0 
1 22 0 0 0 0 -0.000304671 -3.9383e-05 -0.000164973 0.0003487 0 264.654 555.139 214.577 0 
1 22 0 0 0 0 6.1932e-05 -0.000154213 -1.92876e-05 0.0001673 0 264.654 555.139 214.577 0 
16 3
1 22 0 0 0 0 0.00261176 -0.00171451 0.000403658 0.0031502 0 268.228 593.939 0.0322471 0 
1 22 0 0 0 0 -0.00187409 -0.00193424 -0.000696355 0.0027818 0 268.228 593.939 0.0322471 0 
1 22 0 0 0 0 -4.27568e-05 0.000115711 0.000113014 0.0001673 0 268.228 593.939 0.0322471 0 
17 3
1 22 0 0 0 0 0.00448136 -0.000945687 -0.00124021 0.004745 0 201.709 529.635 180.449 0 
1 22 0 0 0 0 0.000988619 -0.000445699 0.000482162 0.0011868 0 201.709 529.635 180.449 0 
1 22 0 0 0 0 1.18722e-05 0.000152493 6.77797e-05 0.0001673 0 201.709 529.635 180.449 0 
18 3
1 22 0 0 0 0 -7.51274e-05 0.0041983 0.00220991 0.004745 0 304.317 372.064 61.441 0 
1 22 0 0 0 0 0.000614286 -0.00100524 0.000143645 0.0011868 0 304.317 372.064 61.441 0 
1 22 0 0 0 0 -5.07652e-05 1.14174e-05 0.000159003 0.0001673 0 304.317 372.064 61.441 0 
19 3
1 22 0 0 0 0 -0.00347385 -0.000305265 -0.00321779 0.004745 0 -93.7842 16.4404 171.978 0 
1 22 0 0 0 0 0.000827652 -0.000569245 0.000632017 0.0011868 0 -93.7842 16.4404 171.978 0 
1 22 0 0 0 0 0.000126491 -8.11318e-06 0.000109195 0.0001673 0 -93.7842 16.4404 171.978 0 
20 3
1 22 0 0 0 0 0.000805327 -0.00100657 0.00456654 0.004745 0 348.434 546.255 412.708 0 
1 22 0 0 0 0 -8.83571e-05 0.000812812 0.000182403 0.0008377 0 348.434 546.255 412.708 0 
1 22 0 0 0 0 0.000144406 0.000348786 -0.000351782 0.000516 0 348.434 546.255 412.708 0 
21 3
1 22 0 0 0 0 -0.00328874 0.00224324 -0.00258207 0.004745 0 226.72 580.969 124.238 0 
1 22 0 0 0 0 -1.52176e-05 -0.00071298 0.000439511 0.0008377 0 226.72 580.969 124.238 0 
1 22 0 0 0 0 -0.000409665 0.000142879 -0.000279313 0.000516 0 226.72 580.969 124.238 0 
22 3
1 22 0 0 0 0 0.00135789 -0.00345895 -0.00295073 0.004745 0 279.432 592.312 388.124 0 
1 22 0 0 0 0 0.00040236 -0.000649306 0.000908296 0.0011868 0 279.432 592.312 388.124 0 
1 22 0 0 0 0 1.51416e-05 0.000141328 -8.82409e-05 0.0001673 0 279.432 592.312 388.124 0 
23 3
1 22 0 0 0 0 -0.00120328 0.00437843 -0.00137713 0.004745 0 -66.7983 512.109 205.401 0 
1 22 0 0 0 0 -0.000317459 -0.00113192 -0.000162698 0.0011868 0 -66.7983 512.109 205.401 0 
1 22 0 0 0 0 0.000104901 0.000112936 6.50438e-05 0.0001673 0 -66.7983 512.109 205.401 0 
24 3
1 22 0 0 0 0 -0.00101759 -0.000603278 0.00459517 0.004745 0 11.9681 560.351 281.073 0 
1 22 0 0 0 0 7.73743e-05 0.000951802 -0.000704685 0.0011868 0 11.9681 560.351 281.073 0 
1 22 0 0 0 0 4.55948e-05 0.000146635 -6.6396e-05 0.0001673 0 11.9681 560.351 281.073 0 
25 3
1 22 0 0 0 0 0.00360981 0.0030672 0.000276795 0.004745 0 -53.2532 548.121 71.6776 0 
1 22 0 0 0 0 0.00061984 -0.000955009 0.000335037 0.0011868 0 -53.2532 548.121 71.6776 0 
1 22 0 0 0 0 -0.000108614 -1.68491e-05 0.000126129 0.0001673 0 -53.2532 548.121 71.6776 0 
26 2
1 22 0 0 0 0 0.00319064 -0.00198569 0.00412742 0.005582 0 232.96 530.314 537.998 0 
1 22 0 0 0 0 -9.7009e-05 0.000294497 0.000412452 0.000516 0 232.96 530.314 537.998 0 
27 3
1 22 0 0 0 0 0.00168516 0.000798776 0.00436317 0.004745 0 -13.987 570.829 284.808 0 
1 22 0 0 0 0 -0.000977432 0.000375627 -0.000558593 0.0011868 0 -13.987 570.829 284.808 0 
1 22 0 0 0 0 -0.000166632 -1.47609e-05 2.29647e-06 0.0001673 0 -13.987 570.829 284.808 0 
28 3
1 22 0 0 0 0 0.0010505 -0.00182013 0.00425425 0.004745 0 -308.436 585.149 171.057 0 
1 22 0 0 0 0 -0.000921519 -0.000746489 -4.52807e-05 0.0011868 0 -308.436 585.149 171.057 0 
1 22 0 0 0 0 0.000110451 -0.000115513 4.94654e-05 0.0001673 0 -308.436 585.149 171.057 0 
29 3
1 22 0 0 0 0 -8.24438e-05 0.00119326 -0.00314578 0.0033655 0 121.364 543.929 218.447 0 
1 22 0 0 0 0 0.00166904 -0.000411827 0.00190515 0.0025661 0 121.364 543.929 218.447 0 
1 22 0 0 0 0 0.000108243 -0.000113186 -5.88348e-05 0.0001673 0 121.364 543.929 218.447 0 
30 3
1 22 0 0 0 0 0.00160335 0.00180586 0.00136052 0.0027718 0 -292.492 572.118 5.08965 0 
1 22 0 0 0 0 0.0010055 -0.00191576 0.00179381 0.0028105 0 -292.492 572.118 5.08965 0 
1 22 0 0 0 0 -0.000495384 -0.000130793 6.11863e-05 0.000516 0 -292.492 572.118 5.08965 0 
31 3
1 22 0 0 0 0 0.00186168 -0.000877865 0.000550812 0.0021307 0 224.522 505.55 300.217 0 
1 22 0 0 0 0 0.00335705 0.000403103 -0.00069471 0.0034518 0 224.522 505.55 300.217 0 
1 22 0 0 0 0 -0.000113596 -0.000102313 -0.000492833 0.000516 0 224.522 505.55 300.217 0 
32 3
1 22 0 0 0 0 -0.00240297 0.000748013 -0.00179181 0.0030894 0 195.982 571.51 108.761 0 
1 22 0 0 0 0 -0.000140233 -0.00279657 -0.000489198 0.0028425 0 195.982 571.51 108.761 0 
1 22 0 0 0 0 0.000127938 -7.96868e-05 -7.26024e-05 0.0001673 0 195.982 571.51 108.761 0 
33 3
1 22 0 0 0 0 -0.00126929 0.00180974 0.00253778 0.0033655 0 -97.3565 590.197 50.0056 0 
1 22 0 0 0 0 0.00231662 -0.00022681 -0.00108014 0.0025661 0 -97.3565 590.197 50.0056 0 
1 22 0 0 0 0 -0.000123477 -5.84478e-05 9.65749e-05 0.0001673 0 -97.3565 590.197 50.0056 0 
34 3
1 22 0 0 0 0 -0.00466632 0.000513317 -0.000690637 0.004745 0 236.091 514.091 275.056 0 
1 22 0 0 0 0 -0.00042671 -0.00101483 -0.000443314 0.0011868 0 236.091 514.091 275.056 0 
1 22 0 0 0 0 0.00015393 4.21594e-05 5.01742e-05 0.0001673 0 236.091 514.091 275.056 0 
35 3
1 22 0 0 0 0 0.00396872 0.00256855 0.00040841 0.004745 0 189.228 489.536 345.687 0 
1 22 0 0 0 0 0.000463918 -0.00029184 0.00105267 0.0011868 0 189.228 489.536 345.687 0 
1 22 0 0 0 0 0.000151436 -2.35009e-06 7.10703e-05 0.0001673 0 189.228 489.536 345.687 0 
36 3
1 22 0 0 0 0 0.00232717 0.0028793 0.00296799 0.004745 0 311.854 521.386 244.855 0 
1 22 0 0 0 0 0.000903892 0.000197641 0.000743244 0.0011868 0 311.854 521.386 244.855 0 
1 22 0 0 0 0 -1.91478e-05 0.000164658 -2.25889e-05 0.0001673 0 311.854 521.386 244.855 0 
37 2
1 22 0 0 0 0 0.00350967 0.000961917 0.00423269 0.005582 0 242.877 535.675 693.309 0 
1 22 0 0 0 0 8.48818e-05 -0.000331886 0.000385879 0.000516 0 242.877 535.675 693.309 0 
38 3
1 22 0 0 0 0 -0.000899013 -0.000683871 -0.00294072 0.0031502 0 155.564 523.264 112.95 0 
1 22 0 0 0 0 -0.00108123 0.00155982 0.00203379 0.0027818 0 155.564 523.264 112.95 0 
1 22 0 0 0 0 -1.27723e-05 0.000156772 5.69985e-05 0.0001673 0 155.564 523.264 112.95 0 
39 3
1 22 0 0 0 0 0.00101455 0.00412983 -0.0021048 0.004745 0 178.604 584.574 359.768 0 
1 22 0 0 0 0 -0.000727145 -0.00090171 -0.000258214 0.0011868 0 178.604 584.574 359.768 0 
1 22 0 0 0 0 -7.65598e-05 9.70217e-05 0.000112759 0.0001673 0 178.604 584.574 359.768 0 
40 3
1 22 0 0 0 0 -0.00103396 -0.00268037 -0.00233227 0.0037004 0 102.765 575.166 142.179 0 
1 22 0 0 0 0 -5.91429e-05 0.00104122 5.41773e-05 0.0010443 0 102.765 575.166 142.179 0 
1 22 0 0 0 0 0.00100174 -0.00076776 -0.000490293 0.001354 0 102.765 575.166 142.179 0 
41 4
1 22 0 0 0 0 0.000990545 -0.00283301 -0.00216468 0.0037004 0 187.311 523.974 193.37 0 
1 22 0 0 0 0 0.000492854 -0.000605278 0.000693755 0.0010443 0 187.311 523.974 193.37 0 
1 22 0 0 0 0 -0.00110543 -0.000278092 0.000330415 0.0011868 0 187.311 523.974 193.37 0 
1 22 0 0 0 0 2.31677e-05 3.32772e-05 0.000162312 0.0001673 0 187.311 523.974 193.37 0 
42 3
1 22 0 0 0 0 -0.000460465 -0.00234825 0.0040974 0.004745 0 218.851 315.722 268.427 0 
1 22 0 0 0 0 -9.05978e-05 -0.0011713 -0.000168362 0.0011868 0 218.851 315.722 268.427 0 
1 22 0 0 0 0 -0.00011552 -7.26398e-05 -9.67884e-05 0.0001673 0 218.851 315.722 268.427 0 
43 3
1 22 0 0 0 0 -0.000289557 -0.00142895 -0.00451545 0.004745 0 109.197 577.243 139.857 0 
1 22 0 0 0 0 -0.000625871 -8.53761e-05 0.00100473 0.0011868 0 109.197 577.243 139.857 0 
1 22 0 0 0 0 -7.09323e-05 -6.44288e-05 -0.000137138 0.0001673 0 109.197 577.243 139.857 0 
44 3
1 22 0 0 0 0 0.000524654 -0.00247624 0.00401348 0.004745 0 74.6588 542.919 398.609 0 
1 22 0 0 0 0 -0.000844692 -0.000415307 0.000722848 0.0011868 0 74.6588 542.919 398.609 0 
1 22 0 0 0 0 6.24499e-05 -0.000112956 0.000106444 0.0001673 0 74.6588 542.919 398.609 0 
45 3
1 22 0 0 0 0 -0.00383229 -0.00260841 -0.00101232 0.004745 0 209.341 467.731 299.091 0 
1 22 0 0 0 0 -0.000593588 -0.000978557 -0.000313964 0.0011868 0 209.341 467.731 299.091 0 
1 22 0 0 0 0 9.49292e-05 0.00012187 6.42286e-05 0.0001673 0 209.341 467.731 299.091 0 
46 4
1 22 0 0 0 0 0.00138239 0.000521715 0.00153515 0.0021307 0 -160.2 571.348 365.997 0 
1 22 0 0 0 0 0.00208034 -0.000774063 -0.00138115 0.0026143 0 -160.2 571.348 365.997 0 
1 22 0 0 0 0 -0.000812728 0.000640212 0.00058146 0.0011868 0 -160.2 571.348 365.997 0 
1 22 0 0 0 0 -2.08281e-05 0.000162365 3.45407e-05 0.0001673 0 -160.2 571.348 365.997 0 
47 3
1 22 0 0 0 0 0.000281561 -3.03419e-05 -0.0021118 0.0021307 0 197.588 503.052 605.879 0 
1 22 0 0 0 0 1.98955e-05 -0.00342553 0.00042456 0.0034518 0 197.588 503.052 605.879 0 
1 22 0 0 0 0 -0.00023228 -0.00044735 -0.000110364 0.000516 0 197.588 503.052 605.879 0 
48 3
1 22 0 0 0 0 -0.00279069 -0.00229065 0.00307896 0.004745 0 230.915 587.572 76.7566 0 
1 22 0 0 0 0 0.000565267 -0.000509114 -0.00035074 0.0008377 0 230.915 587.572 76.7566 0 
1 22 0 0 0 0 0.000351869 0.000170868 -0.000336524 0.000516 0 230.915 587.572 76.7566 0 
49 4
1 22 0 0 0 0 0.000323171 0.00223238 -0.00161088 0.0027718 0 -190.549 578.681 233.665 0 
1 22 0 0 0 0 -2.60229e-05 0.00278987 0.000338916 0.0028105 0 -190.549 578.681 233.665 0 
1 22 0 0 0 0 2.6527e-05 0.000170852 0.000302816 0.0003487 0 -190.549 578.681 233.665 0 
1 22 0 0 0 0 -0.000119141 0.000100749 6.03691e-05 0.0001673 0 -190.549 578.681 233.665 0 
50 4
1 22 0 0 0 0 -0.000490223 -0.000548327 -0.00267243 0.0027718 0 118.03 574.831 549.458 0 
1 22 0 0 0 0 -0.000251001 5.186e-05 0.00195588 0.0019726 0 118.03 574.831 549.458 0 
1 22 0 0 0 0 -0.000785518 0.000861445 -0.000222191 0.0011868 0 118.03 574.831 549.458 0 
1 22 0 0 0 0 -4.84255e-05 -0.000117243 -0.000109079 0.0001673 0 118.03 574.831 549.458 0 
51 3
1 22 0 0 0 0 -0.00235893 0.00046993 0.00409019 0.004745 0 163.485 523.169 120.172 0 
1 22 0 0 0 0 0.000488156 -0.000952245 0.000513253 0.0011868 0 163.485 523.169 120.172 0 
1 22 0 0 0 0 -0.000163891 -1.64452e-05 -2.93017e-05 0.0001673 0 163.485 523.169 120.172 0 
52 3
1 22 0 0 0 0 0.0010987 0.00243367 0.00155387 0.0030894 0 319.289 587.691 234.857 0 
1 22 0 0 0 0 -0.00233376 0.00101662 -0.00126484 0.0028425 0 319.289 587.691 234.857 0 
1 22 0 0 0 0 0.000113347 0.00012284 -7.22264e-06 0.0001673 0 319.289 587.691 234.857 0 
53 2
1 22 0 0 0 0 -0.00472207 -0.000207049 -0.000417375 0.004745 0 94.7569 514.904 244.416 0 
1 22 0 0 0 0 -5.26872e-05 0.00124702 0.000524858 0.001354 0 94.7569 514.904 244.416 0 
54 3
1 22 0 0 0 0 -0.00431982 -0.00133174 -0.00144244 0.004745 0 56.2148 515.825 580.808 0 
1 22 0 0 0 0 -0.000322801 4.18382e-05 -0.00114129 0.0011868 0 56.2148 515.825 580.808 0 
1 22 0 0 0 0 0.0001524 -2.26279e-05 -6.52032e-05 0.0001673 0 56.2148 515.825 580.808 0 
55 3
1 22 0 0 0 0 0.00361919 -0.00271355 0.00143288 0.004745 0 42.0025 419.849 116.512 0 
1 22 0 0 0 0 -0.000902307 2.63187e-05 -0.000770483 0.0011868 0 42.0025 419.849 116.512 0 
1 22 0 0 0 0 -0.000112301 -0.000123906 -5.00839e-06 0.0001673 0 42.0025 419.849 116.512 0 
56 3
1 22 0 0 0 0 0.0001102 0.00436501 0.00185731 0.004745 0 -105.552 573.118 252.205 0 
1 22 0 0 0 0 -0.0001928 -0.00116761 -8.94831e-05 0.0011868 0 -105.552 573.118 252.205 0 
1 22 0 0 0 0 5.80717e-05 -0.000155734 1.90764e-05 0.0001673 0 -105.552 573.118 252.205 0 
57 3
1 22 0 0 0 0 0.00235595 -0.00324729 -0.0025337 0.004745 0 -126.178 579.626 385.072 0 
1 22 0 0 0 0 -0.001165 0.000216892 -6.50013e-05 0.0011868 0 -126.178 579.626 385.072 0 
1 22 0 0 0 0 -0.000156409 2.38691e-05 -5.43683e-05 0.0001673 0 -126.178 579.626 385.072 0 
58 3
1 22 0 0 0 0 -0.00293949 0.0028696 0.00237484 0.004745 0 -279.38 124.024 533.416 0 
1 22 0 0 0 0 0.000118206 0.000765017 0.000899594 0.0011868 0 -279.38 124.024 533.416 0 
1 22 0 0 0 0 8.12643e-05 0.000127646 -7.13568e-05 0.0001673 0 -279.38 124.024 533.416 0 
59 3
1 22 0 0 0 0 -0.00234042 0.00284877 0.00298697 0.004745 0 148.187 227.031 266.58 0 
1 22 0 0 0 0 0.000411802 -0.000726039 0.000843671 0.0011868 0 148.187 227.031 266.58 0 
1 22 0 0 0 0 0.000121152 -0.000115365 -1.53994e-06 0.0001673 0 148.187 227.031 266.58 0 
60 2
1 22 0 0 0 0 0.00117883 -0.00494199 -0.00231211 0.005582 0 79.466 587.892 385.955 0 
1 22 0 0 0 0 0.000424673 -0.000268912 -0.000116599 0.000516 0 79.466 587.892 385.955 0 
61 3
1 22 0 0 0 0 -0.00392004 -0.000892226 -0.00252037 0.004745 0 251.8 503.376 98.8885 0 
1 22 0 0 0 0 -0.000611716 -0.00101484 6.62623e-05 0.0011868 0 251.8 503.376 98.8885 0 
1 22 0 0 0 0 4.61421e-05 -9.284e-05 -0.000131305 0.0001673 0 251.8 503.376 98.8885 0 
62 3
1 22 0 0 0 0 -0.00356441 -0.00204185 0.00237505 0.004745 0 161.706 438.913 651.256 0 
1 22 0 0 0 0 -0.00096373 0.000578193 -0.00038133 0.0011868 0 161.706 438.913 651.256 0 
1 22 0 0 0 0 7.47661e-05 0.000138491 -5.67403e-05 0.0001673 0 161.706 438.913 651.256 0 
63 3
1 22 0 0 0 0 0.000357505 -0.000123548 0.0047299 0.004745 0 14.3678 546.195 162.162 0 
1 22 0 0 0 0 -0.000405084 0.00107447 0.000299841 0.0011868 0 14.3678 546.195 162.162 0 
1 22 0 0 0 0 7.45636e-05 -6.21029e-05 -0.000136282 0.0001673 0 14.3678 546.195 162.162 0 
64 3
1 22 0 0 0 0 -0.000763547 -0.00224608 -0.00207265 0.0031502 0 132.848 532.754 429.525 0 
1 22 0 0 0 0 -0.00220897 -0.000447565 0.000914972 0.0024325 0 132.848 532.754 429.525 0 
1 22 0 0 0 0 4.41337e-05 -0.00033807 -0.00038732 0.000516 0 132.848 532.754 429.525 0 
65 4
1 22 0 0 0 0 0.00192616 0.00274561 0.0015635 0.0037004 0 341.732 591.082 198.906 0 
1 22 0 0 0 0 0.000857695 0.000505344 -0.000315515 0.0010443 0 341.732 591.082 198.906 0 
1 22 0 0 0 0 0.00049507 0.00102722 -0.000328975 0.0011868 0 341.732 591.082 198.906 0 
1 22 0 0 0 0 -5.37144e-05 -3.42725e-05 0.000154691 0.0001673 0 341.732 591.082 198.906 0 
66 3
1 22 0 0 0 0 -0.00278713 -0.00338368 -0.00181595 0.004745 0 141.053 557.662 446.423 0 
1 22 0 0 0 0 -0.000266057 -0.000695591 -0.000383547 0.0008377 0 141.053 557.662 446.423 0 
1 22 0 0 0 0 0.000344277 0.000305197 -0.000233633 0.000516 0 141.053 557.662 446.423 0 
67 4
1 22 0 0 0 0 -0.00204475 0.00263009 -0.00161078 0.0037004 0 -331.26 579.686 517.209 0 
1 22 0 0 0 0 -0.000728624 -0.00038713 -0.000640156 0.0010443 0 -331.26 579.686 517.209 0 
1 22 0 0 0 0 -7.62823e-05 -0.000696812 -0.000957668 0.0011868 0 -331.26 579.686 517.209 0 
1 22 0 0 0 0 1.60945e-05 -0.000156795 5.60866e-05 0.0001673 0 -331.26 579.686 517.209 0 
68 2
1 22 0 0 0 0 0.00396124 -0.00304866 0.00248454 0.005582 0 233.797 557.49 4.59875 0 
1 22 0 0 0 0 0.00034265 0.000340594 0.000181225 0.000516 0 233.797 557.49 4.59875 0 
69 3
1 22 0 0 0 0 0.00296945 0.00156252 0.000259801 0.0033655 0 181.013 556.3 138.856 0 
1 22 0 0 0 0 0.000309223 -0.0011627 -0.00226658 0.0025661 0 181.013 556.3 138.856 0 
1 22 0 0 0 0 2.77806e-05 0.000107428 0.000125207 0.0001673 0 181.013 556.3 138.856 0 
70 4
1 22 0 0 0 0 0.00209457 0.00183758 -0.00243496 0.0037004 0 336.931 534.516 468.597 0 
1 22 0 0 0 0 -0.000838518 0.000586792 0.000207668 0.0010443 0 336.931 534.516 468.597 0 
1 22 0 0 0 0 -0.00017325 -0.000748759 0.000904344 0.0011868 0 336.931 534.516 468.597 0 
1 22 0 0 0 0 -0.000102134 -0.000102152 -8.43973e-05 0.0001673 0 336.931 534.516 468.597 0 
71 4
1 22 0 0 0 0 -0.00282889 -0.00205473 0.00121179 0.0037004 0 -70.1671 261.846 168.253 0 
1 22 0 0 0 0 -0.000155822 -0.000637287 -0.000812495 0.0010443 0 -70.1671 261.846 168.253 0 
1 22 0 0 0 0 0.000156835 0.000361125 -0.000739414 0.0008377 0 -70.1671 261.846 168.253 0 
1 22 0 0 0 0 9.84908e-05 -0.000498233 -9.12115e-05 0.000516 0 -70.1671 261.846 168.253 0 
72 3
1 22 0 0 0 0 0.00184609 -0.0031707 0.00300893 0.004745 0 -105.705 566.506 125.582 0 
1 22 0 0 0 0 -5.99046e-07 0.000696491 0.000465447 0.0008377 0 -105.705 566.506 125.582 0 
1 22 0 0 0 0 0.000498001 0.000133592 2.00949e-05 0.000516 0 -105.705 566.506 125.582 0 
73 3
1 22 0 0 0 0 -0.00175061 0.000993079 0.00242341 0.0031502 0 -24.4604 591.472 6.33512 0 
1 22 0 0 0 0 0.00230663 -0.000993065 -0.00119653 0.0027818 0 -24.4604 591.472 6.33512 0 
1 22 0 0 0 0 0.000142291 -6.70959e-05 -5.6926e-05 0.0001673 0 -24.4604 591.472 6.33512 0 
74 4
1 22 0 0 0 0 0.0021605 0.00257046 0.00155497 0.0037004 0 107.615 595.631 192.242 0 
1 22 0 0 0 0 0.000330881 -0.000659789 0.000738755 0.0010443 0 107.615 595.631 192.242 0 
1 22 0 0 0 0 0.000660866 -4.06136e-05 0.000513174 0.0008377 0 107.615 595.631 192.242 0 
1 22 0 0 0 0 0.000139198 -0.000460047 0.000187715 0.000516 0 107.615 595.631 192.242 0 
75 3
1 22 0 0 0 0 -0.00146102 -0.000986088 -0.00440546 0.004745 0 279.14 592.422 220.592 0 
1 22 0 0 0 0 4.65696e-05 0.000483158 0.000682738 0.0008377 0 279.14 592.422 220.592 0 
1 22 0 0 0 0 0.000383683 0.000154874 -0.000308314 0.000516 0 279.14 592.422 220.592 0 
76 3
1 22 0 0 0 0 -0.00443912 0.000882802 0.00142475 0.004745 0 105.945 333.261 150.068 0 
1 22 0 0 0 0 0.000637213 -0.000910239 0.000417037 0.0011868 0 105.945 333.261 150.068 0 
1 22 0 0 0 0 1.60543e-05 -0.000160909 4.28945e-05 0.0001673 0 105.945 333.261 150.068 0 
77 3
1 22 0 0 0 0 -0.00413511 0.00164153 0.00164963 0.004745 0 150.88 447.45 323.134 0 
1 22 0 0 0 0 -0.000372521 0.000592807 -0.000958281 0.0011868 0 150.88 447.45 323.134 0 
1 22 0 0 0 0 -5.34914e-05 -0.000153597 -3.91892e-05 0.0001673 0 150.88 447.45 323.134 0 
78 3
1 22 0 0 0 0 -0.00426585 0.00103764 0.00180024 0.004745 0 209.354 577.933 1.52264 0 
1 22 0 0 0 0 -0.000455027 0.000696068 -0.000846719 0.0011868 0 209.354 577.933 1.52264 0 
1 22 0 0 0 0 -1.68035e-05 4.45018e-05 0.000160395 0.0001673 0 209.354 577.933 1.52264 0 
79 3
1 22 0 0 0 0 -0.00388965 0.000865603 0.00257612 0.004745 0 299.146 577.616 272.094 0 
1 22 0 0 0 0 0.00113203 -0.000239197 -0.00026418 0.0011868 0 299.146 577.616 272.094 0 
1 22 0 0 0 0 -0.000120026 1.35277e-05 0.000115759 0.0001673 0 299.146 577.616 272.094 0 
80 3
1 22 0 0 0 0 0.00207748 0.00018638 0.000434993 0.0021307 0 330.435 570.011 16.2742 0 
1 22 0 0 0 0 -0.00195022 0.000554446 -0.00279359 0.0034518 0 330.435 570.011 16.2742 0 
1 22 0 0 0 0 0.00013037 -0.000337468 0.000367933 0.000516 0 330.435 570.011 16.2742 0 
81 4
1 22 0 0 0 0 0.00116459 -0.00247276 -0.000460512 0.0027718 0 -140.168 438.526 380.438 0 
1 22 0 0 0 0 0.00111616 0.000564316 -0.00152542 0.0019726 0 -140.168 438.526 380.438 0 
1 22 0 0 0 0 -0.000810069 0.00080451 -0.000324108 0.0011868 0 -140.168 438.526 380.438 0 
1 22 0 0 0 0 3.41625e-05 -0.000157092 4.63051e-05 0.0001673 0 -140.168 438.526 380.438 0 
82 3
1 22 0 0 0 0 0.0031275 -0.00022922 -0.000299915 0.0031502 0 -58.1867 276.932 254.716 0 
1 22 0 0 0 0 -0.000502022 -0.00206497 0.00179507 0.0027818 0 -58.1867 276.932 254.716 0 
1 22 0 0 0 0 -0.000150229 1.02517e-05 -7.29075e-05 0.0001673 0 -58.1867 276.932 254.716 0 
83 3
1 22 0 0 0 0 -0.00466024 -0.000110305 -0.000886031 0.004745 0 299.431 572.703 432.173 0 
1 22 0 0 0 0 0.000612979 -0.000246315 0.000515099 0.0008377 0 299.431 572.703 432.173 0 
1 22 0 0 0 0 -5.48596e-05 -0.000317562 0.000402989 0.000516 0 299.431 572.703 432.173 0 
84 4
1 22 0 0 0 0 -0.00144132 -0.00199603 -0.0027625 0.0037004 0 1.02638 584.126 54.702 0 
1 22 0 0 0 0 0.000795571 -0.000398773 -0.000546451 0.0010443 0 1.02638 584.126 54.702 0 
1 22 0 0 0 0 0.000472754 -0.000640648 -0.000880096 0.0011868 0 1.02638 584.126 54.702 0 
1 22 0 0 0 0 -0.000155159 -3.98195e-05 4.82629e-05 0.0001673 0 1.02638 584.126 54.702 0 
85 2
1 22 0 0 0 0 0.000302216 -0.000819967 -0.00551317 0.005582 0 -38.113 556.174 241.375 0 
1 22 0 0 0 0 -6.26503e-05 0.000356223 -0.000368016 0.000516 0 -38.113 556.174 241.375 0 
86 3
1 22 0 0 0 0 -0.00271086 0.00308345 0.00237878 0.004745 0 196.922 162.115 458.382 0 
1 22 0 0 0 0 0.00116685 -0.000154478 -0.00015193 0.0011868 0 196.922 162.115 458.382 0 
1 22 0 0 0 0 -0.000150178 -7.16706e-05 1.72939e-05 0.0001673 0 196.922 162.115 458.382 0 
87 2
1 22 0 0 0 0 -0.00180382 0.00302354 -0.00433164 0.005582 0 335.548 432.483 314.327 0 
1 22 0 0 0 0 -0.000434948 0.000144798 0.000236875 0.000516 0 335.548 432.483 314.327 0 
88 3
1 22 0 0 0 0 -0.00471612 1.52919e-05 -0.000522494 0.004745 0 237.383 567.314 672.458 0 
1 22 0 0 0 0 0.000156603 0.000314145 -0.0011337 0.0011868 0 237.383 567.314 672.458 0 
1 22 0 0 0 0 -1.97367e-05 2.64243e-05 0.000164017 0.0001673 0 237.383 567.314 672.458 0 
89 3
1 22 0 0 0 0 0.00320526 0.00234765 0.00259421 0.004745 0 210.729 598.596 533.167 0 
1 22 0 0 0 0 0.00100611 -0.000358678 -0.000517278 0.0011868 0 210.729 598.596 533.167 0 
1 22 0 0 0 0 -1.84303e-06 -3.74952e-05 0.000163034 0.0001673 0 210.729 598.596 533.167 0 
90 2
1 22 0 0 0 0 0.0052403 -0.00136548 -0.00135405 0.005582 0 -176.69 593.723 252.484 0 
1 22 0 0 0 0 0.000317047 -0.000404649 4.46833e-05 0.000516 0 -176.69 593.723 252.484 0 
91 4
1 22 0 0 0 0 0.00125352 -0.00346407 0.000349093 0.0037004 0 330.22 357.232 135.742 0 
1 22 0 0 0 0 -0.00038751 0.000571708 0.000783294 0.0010443 0 330.22 357.232 135.742 0 
1 22 0 0 0 0 0.000225162 -0.000996459 -0.000604041 0.0011868 0 330.22 357.232 135.742 0 
1 22 0 0 0 0 -0.000133588 -9.54141e-05 -3.2244e-05 0.0001673 0 330.22 357.232 135.742 0 
92 3
1 22 0 0 0 0 0.000657664 -0.00227251 -0.00411317 0.004745 0 267.367 569.028 152.674 0 
1 22 0 0 0 0 -0.00112396 0.000336724 0.000178417 0.0011868 0 267.367 569.028 152.674 0 
1 22 0 0 0 0 -2.78598e-05 5.4183e-05 -0.000155812 0.0001673 0 267.367 569.028 152.674 0 
93 2
1 22 0 0 0 0 -0.00519953 -0.00163707 -0.0012015 0.005582 0 -148.576 578.657 267.548 0 
1 22 0 0 0 0 0.00036475 0.000318128 0.000178909 0.000516 0 -148.576 578.657 267.548 0 
94 3
1 22 0 0 0 0 -0.00433425 -0.00186051 0.000517537 0.004745 0 -26.5843 549.326 52.0172 0 
1 22 0 0 0 0 -0.000763291 -0.00090165 0.000113615 0.0011868 0 -26.5843 549.326 52.0172 0 
1 22 0 0 0 0 -0.000149315 -5.6062e-05 -5.05122e-05 0.0001673 0 -26.5843 549.326 52.0172 0 
95 3
1 22 0 0 0 0 0.000730697 0.00215291 0.00416487 0.004745 0 181.368 164.266 302.662 0 
1 22 0 0 0 0 -0.00114063 -0.000143194 0.000294861 0.0011868 0 181.368 164.266 302.662 0 
1 22 0 0 0 0 -0.000131589 -6.43442e-05 8.08297e-05 0.0001673 0 181.368 164.266 302.662 0 
96 3
1 22 0 0 0 0 0.00327232 0.00124747 -0.0011953 0.0037004 0 192.515 548.929 174.976 0 
1 22 0 0 0 0 0.000293338 0.000851218 0.0016521 0.0018815 0 192.515 548.929 174.976 0 
1 22 0 0 0 0 -0.000309759 0.000105601 -0.000398941 0.000516 0 192.515 548.929 174.976 0 
97 3
1 22 0 0 0 0 -0.0025058 0.00377532 -0.00140818 0.004745 0 271.586 559.278 553.75 0 
1 22 0 0 0 0 -0.000129409 -6.57849e-05 0.00117789 0.0011868 0 271.586 559.278 553.75 0 
1 22 0 0 0 0 7.26053e-05 -0.000150709 -2.15765e-06 0.0001673 0 271.586 559.278 553.75 0 
98 3
1 22 0 0 0 0 -0.000929333 -0.000406433 -0.00463532 0.004745 0 134.702 540.68 73.6174 0 
1 22 0 0 0 0 0.000695688 -0.000354048 0.000893958 0.0011868 0 134.702 540.68 73.6174 0 
1 22 0 0 0 0 -9.30849e-05 -5.36751e-06 -0.000138909 0.0001673 0 134.702 540.68 73.6174 0 
99 4
1 22 0 0 0 0 -0.00245023 0.000866239 -0.000963784 0.0027718 0 65.5537 507.89 522.717 0 
1 22 0 0 0 0 -0.00256499 0.00114878 -6.7414e-06 0.0028105 0 65.5537 507.89 522.717 0 
1 22 0 0 0 0 -0.000130168 -7.98292e-05 -0.000313489 0.0003487 0 65.5537 507.89 522.717 0 
1 22 0 0 0 0 0.000161131 3.32995e-05 3.02867e-05 0.0001673 0 65.5537 507.89 522.717 0 
100 3
1 22 0 0 0 0 0.00347301 0.00114415 0.00302393 0.004745 0 177.277 315.893 308.794 0 
1 22 0 0 0 0 -8.57517e-05 0.0007296 0.000402581 0.0008377 0 177.277 315.893 308.794 0 
1 22 0 0 0 0 0.000306265 0.000414945 -1.66827e-05 0.000516 0 177.277 315.893 308.794 0 
101 3
1 22 0 0 0 0 0.00155193 0.00445523 0.000507396 0.004745 0 151.086 588.681 158.939 0 
1 22 0 0 0 0 0.000104217 0.00110703 0.000414861 0.0011868 0 151.086 588.681 158.939 0 
1 22 0 0 0 0 6.47266e-05 -8.97407e-05 -0.000125485 0.0001673 0 151.086 588.681 158.939 0 
102 3
1 22 0 0 0 0 -0.000178724 0.00473922 -0.000151132 0.004745 0 345.232 568.54 512.39 0 
1 22 0 0 0 0 -1.27844e-05 0.00081206 0.000865384 0.0011868 0 345.232 568.54 512.39 0 
1 22 0 0 0 0 9.51496e-05 -2.62616e-05 0.000135078 0.0001673 0 345.232 568.54 512.39 0 
103 3
1 22 0 0 0 0 0.00461997 -0.000169822 0.00106866 0.004745 0 -293.654 556.658 221.136 0 
1 22 0 0 0 0 -0.000981638 -0.000315642 -0.000587581 0.0011868 0 -293.654 556.658 221.136 0 
1 22 0 0 0 0 6.62171e-06 -2.04861e-06 0.000167156 0.0001673 0 -293.654 556.658 221.136 0 
104 2
1 22 0 0 0 0 -0.00536278 -0.00139911 0.000664719 0.005582 0 112.713 534.958 327.124 0 
1 22 0 0 0 0 0.000213029 -0.00042642 0.000197586 0.000516 0 112.713 534.958 327.124 0 
105 3
1 22 0 0 0 0 -0.00464019 -0.000257509 0.000957762 0.004745 0 257.498 501.369 182.615 0 
1 22 0 0 0 0 -0.00110813 -0.000398494 -0.000147462 0.0011868 0 257.498 501.369 182.615 0 
1 22 0 0 0 0 -0.000119046 -0.000108902 4.42445e-05 0.0001673 0 257.498 501.369 182.615 0 
106 3
1 22 0 0 0 0 0.00403318 -0.000887143 -0.00233699 0.004745 0 112.811 508.667 87.6341 0 
1 22 0 0 0 0 -4.67425e-05 -0.00113011 0.00035939 0.0011868 0 112.811 508.667 87.6341 0 
1 22 0 0 0 0 3.16318e-05 0.000143955 -7.91568e-05 0.0001673 0 112.811 508.667 87.6341 0 
107 3
1 22 0 0 0 0 0.00456897 -0.000604258 0.00112891 0.004745 0 243.45 437.04 300.236 0 
1 22 0 0 0 0 0.000815698 -0.000179829 -0.000843085 0.0011868 0 243.45 437.04 300.236 0 
1 22 0 0 0 0 7.87485e-05 0.000135994 -5.73891e-05 0.0001673 0 243.45 437.04 300.236 0 
108 4
1 22 0 0 0 0 -0.00137411 0.000119471 -0.00162402 0.0021307 0 143.093 514.662 356.755 0 
1 22 0 0 0 0 0.00154901 0.00156668 -0.00140736 0.0026143 0 143.093 514.662 356.755 0 
1 22 0 0 0 0 0.00111758 -6.16303e-05 -0.00039461 0.0011868 0 143.093 514.662 356.755 0 
1 22 0 0 0 0 6.68885e-05 -6.39551e-05 -0.000139373 0.0001673 0 143.093 514.662 356.755 0 
109 3
1 22 0 0 0 0 0.000490748 -0.0020314 -0.000415273 0.0021307 0 123.12 589.088 127.272 0 
1 22 0 0 0 0 -0.00173624 0.00181157 -0.000733647 0.0026143 0 123.12 589.088 127.272 0 
1 22 0 0 0 0 -0.000570865 0.00105917 0.000620958 0.001354 0 123.12 589.088 127.272 0 
110 3
1 22 0 0 0 0 -0.00110652 0.00290572 -0.00128801 0.0033655 0 324.542 521.583 260.706 0 
1 22 0 0 0 0 -0.00039288 -0.00239232 0.00084102 0.0025661 0 324.542 521.583 260.706 0 
1 22 0 0 0 0 -0.000129067 -8.13392e-05 -6.86652e-05 0.0001673 0 324.542 521.583 260.706 0 
111 4
1 22 0 0 0 0 -0.00240541 0.00141547 0.00383738 0.004745 0 164.439 579.721 406.563 0 
1 22 0 0 0 0 -6.30297e-05 0.000209622 -0.000808596 0.0008377 0 164.439 579.721 406.563 0 
1 22 0 0 0 0 -0.000324671 -0.000108971 -6.56201e-05 0.0003487 0 164.439 579.721 406.563 0 
1 22 0 0 0 0 6.99727e-06 -1.5506e-05 -0.000166433 0.0001673 0 164.439 579.721 406.563 0 
112 2
1 22 0 0 0 0 -0.00315561 -0.0044475 -0.00119188 0.005582 0 211.9 564.91 348.713 0 
1 22 0 0 0 0 0.00014763 -0.000332241 -0.000366165 0.000516 0 211.9 564.91 348.713 0 
113 4
1 22 0 0 0 0 -0.00234801 0.000321071 0.00411081 0.004745 0 195.186 543.167 308.464 0 
1 22 0 0 0 0 -0.000254536 0.000689738 -0.000401514 0.0008377 0 195.186 543.167 308.464 0 
1 22 0 0 0 0 0.000206274 -0.000150028 -0.000237769 0.0003487 0 195.186 543.167 308.464 0 
1 22 0 0 0 0 0.000150711 -6.96635e-05 -2.05529e-05 0.0001673 0 195.186 543.167 308.464 0 
114 3
1 22 0 0 0 0 0.000135093 -0.00361494 0.00307066 0.004745 0 126.116 591.071 551.239 0 
1 22 0 0 0 0 0.000309525 -0.00102484 -0.00051225 0.0011868 0 126.116 591.071 551.239 0 
1 22 0 0 0 0 2.54899e-05 -0.000120764 0.000112941 0.0001673 0 126.116 591.071 551.239 0 
115 2
1 22 0 0 0 0 0.00136885 -0.00501827 -0.00202533 0.005582 0 214.029 562.975 379.549 0 
1 22 0 0 0 0 0.000140893 -3.06494e-05 -0.000495445 0.000516 0 214.029 562.975 379.549 0 
116 3
1 22 0 0 0 0 -0.00150005 0.00343559 0.00290888 0.004745 0 147.212 586.776 340.357 0 
1 22 0 0 0 0 0.000201767 -0.000545013 0.000603318 0.0008377 0 147.212 586.776 340.357 0 
1 22 0 0 0 0 -0.000120494 -0.000393852 -0.000310834 0.000516 0 147.212 586.776 340.357 0 
117 3
1 22 0 0 0 0 -0.00113189 0.00250365 -0.000365299 0.0027718 0 260.326 582.155 81.8692 0 
1 22 0 0 0 0 -0.00141266 -0.00193294 0.00147209 0.0028105 0 260.326 582.155 81.8692 0 
1 22 0 0 0 0 2.35973e-05 0.000472005 -0.000207148 0.000516 0 260.326 582.155 81.8692 0 
118 3
1 22 0 0 0 0 0.00239432 0.000713331 -0.00403404 0.004745 0 276.888 562.823 326.78 0 
1 22 0 0 0 0 0.000397834 0.000173816 0.00071642 0.0008377 0 276.888 562.823 326.78 0 
1 22 0 0 0 0 0.000242259 -0.000287632 -0.000353319 0.000516 0 276.888 562.823 326.78 0 
119 3
1 22 0 0 0 0 3.41166e-05 -0.00106659 -0.00319183 0.0033655 0 246.508 592.443 394.627 0 
1 22 0 0 0 0 -0.00100272 -0.00234553 0.00027912 0.0025661 0 246.508 592.443 394.627 0 
1 22 0 0 0 0 0.000158406 -4.14213e-05 3.43693e-05 0.0001673 0 246.508 592.443 394.627 0 
120 3
1 22 0 0 0 0 0.000297741 -0.000566162 0.00171328 0.0018288 0 -112.939 588.803 247.249 0 
1 22 0 0 0 0 0.0014904 0.00218409 -0.00313672 0.0041025 0 -112.939 588.803 247.249 0 
1 22 0 0 0 0 3.24061e-05 -6.05726e-05 -0.000152545 0.0001673 0 -112.939 588.803 247.249 0 
121 3
1 22 0 0 0 0 -0.000255652 0.00324034 0.00345686 0.004745 0 -348.669 591.939 297.804 0 
1 22 0 0 0 0 0.000287695 -0.00111736 0.000277921 0.0011868 0 -348.669 591.939 297.804 0 
1 22 0 0 0 0 -0.00014082 -4.98179e-05 -7.53468e-05 0.0001673 0 -348.669 591.939 297.804 0 
122 3
1 22 0 0 0 0 -0.000491755 0.00132979 0.00305228 0.0033655 0 -179.569 561.422 688.065 0 
1 22 0 0 0 0 -0.00204147 -0.000737445 0.00136873 0.0025661 0 -179.569 561.422 688.065 0 
1 22 0 0 0 0 0.000146188 -7.01202e-05 4.12499e-05 0.0001673 0 -179.569 561.422 688.065 0 
123 4
1 22 0 0 0 0 0.00103987 6.23889e-05 0.00355074 0.0037004 0 -154.89 580.195 208.385 0 
1 22 0 0 0 0 -0.000561486 -0.000125165 -0.000871568 0.0010443 0 -154.89 580.195 208.385 0 
1 22 0 0 0 0 0.000624701 0.000903946 -0.000448468 0.0011868 0 -154.89 580.195 208.385 0 
1 22 0 0 0 0 -4.56895e-05 -6.65976e-05 -0.000146515 0.0001673 0 -154.89 580.195 208.385 0 
124 4
1 22 0 0 0 0 -0.00305011 -0.0035338 0.000850958 0.004745 0 261.606 561.444 288.035 0 
1 22 0 0 0 0 0.000358638 -0.000721356 -0.000229709 0.0008377 0 261.606 561.444 288.035 0 
1 22 0 0 0 0 6.52949e-05 -0.000340051 -4.11511e-05 0.0003487 0 261.606 561.444 288.035 0 
1 22 0 0 0 0 -0.000108222 -7.31131e-05 -0.000104555 0.0001673 0 261.606 561.444 288.035 0 
125 3
1 22 0 0 0 0 0.000766401 -0.00409478 0.00227166 0.004745 0 146.887 315.769 66.6004 0 
1 22 0 0 0 0 -0.000606052 0.000988191 0.000254309 0.0011868 0 146.887 315.769 66.6004 0 
1 22 0 0 0 0 -7.15908e-05 -0.000132557 -7.27504e-05 0.0001673 0 146.887 315.769 66.6004 0 
126 4
1 22 0 0 0 0 -0.00129738 0.00128859 -0.00208308 0.0027718 0 160.83 557.585 355.918 0 
1 22 0 0 0 0 -0.00232931 -0.00133929 0.000824329 0.0028105 0 160.83 557.585 355.918 0 
1 22 0 0 0 0 0.000316779 7.79485e-05 -0.000123154 0.0003487 0 160.83 557.585 355.918 0 
1 22 0 0 0 0 2.95173e-05 0.00016467 -1.39179e-06 0.0001673 0 160.83 557.585 355.918 0 
127 3
1 22 0 0 0 0 -0.000660847 0.00141098 -0.0044819 0.004745 0 206.279 599.213 497.539 0 
1 22 0 0 0 0 -0.000828287 0.000408671 -0.000745266 0.0011868 0 206.279 599.213 497.539 0 
1 22 0 0 0 0 4.1923e-05 -0.000115622 0.000113416 0.0001673 0 206.279 599.213 497.539 0 
128 3
1 22 0 0 0 0 -0.00052607 0.00233137 0.00282505 0.0037004 0 140.609 591.782 90.1632 0 
1 22 0 0 0 0 -0.00141978 0.00115928 -0.000424663 0.0018815 0 140.609 591.782 90.1632 0 
1 22 0 0 0 0 8.41343e-05 -0.000497694 0.000107138 0.000516 0 140.609 591.782 90.1632 0 
129 3
1 22 0 0 0 0 2.26382e-05 -0.00266292 -0.00392726 0.004745 0 79.4054 549.294 205.084 0 
1 22 0 0 0 0 -0.000689399 0.000524998 0.000810926 0.0011868 0 79.4054 549.294 205.084 0 
1 22 0 0 0 0 -4.31028e-05 0.000123209 -0.000104646 0.0001673 0 79.4054 549.294 205.084 0 
130 3
1 22 0 0 0 0 0.00243304 -0.00134965 0.00384367 0.004745 0 44.015 551.277 391.661 0 
1 22 0 0 0 0 -0.000408725 0.000613481 0.000397903 0.0008377 0 44.015 551.277 391.661 0 
1 22 0 0 0 0 0.000329836 -0.000310571 -0.000247002 0.000516 0 44.015 551.277 391.661 0 
131 3
1 22 0 0 0 0 0.00285444 0.000355247 -0.00377372 0.004745 0 227.602 168.288 346.835 0 
1 22 0 0 0 0 0.000369798 -0.000680439 -0.000319364 0.0008377 0 227.602 168.288 346.835 0 
1 22 0 0 0 0 0.000184234 0.000239468 0.000418293 0.000516 0 227.602 168.288 346.835 0 
132 3
1 22 0 0 0 0 -0.000508888 -0.00285685 0.00375426 0.004745 0 196.732 570.722 130.377 0 
1 22 0 0 0 0 0.000430407 0.000718052 2.98625e-05 0.0008377 0 196.732 570.722 130.377 0 
1 22 0 0 0 0 -0.000118534 -0.000232189 -0.000445302 0.000516 0 196.732 570.722 130.377 0 
133 3
1 22 0 0 0 0 -0.00357022 -0.00312526 -3.60377e-05 0.004745 0 -76.2931 585.984 147.525 0 
1 22 0 0 0 0 -0.00115612 0.000210527 -0.000165988 0.0011868 0 -76.2931 585.984 147.525 0 
1 22 0 0 0 0 -7.56467e-07 -0.000137646 -9.50914e-05 0.0001673 0 -76.2931 585.984 147.525 0 
134 3
1 22 0 0 0 0 0.00407601 -0.00219721 -0.00103606 0.004745 0 278.951 574.476 153.512 0 
1 22 0 0 0 0 0.000112196 0.00116906 0.000170898 0.0011868 0 278.951 574.476 153.512 0 
1 22 0 0 0 0 5.19732e-05 -0.000106976 0.000117662 0.0001673 0 278.951 574.476 153.512 0 
135 3
1 22 0 0 0 0 -0.00265334 -0.00392798 -0.00021405 0.004745 0 289.584 552.531 180.27 0 
1 22 0 0 0 0 5.66765e-05 -0.000551288 0.000628181 0.0008377 0 289.584 552.531 180.27 0 
1 22 0 0 0 0 0.000184048 -0.000480907 3.33315e-05 0.000516 0 289.584 552.531 180.27 0 
136 4
1 22 0 0 0 0 0.000548248 0.000305944 0.00364675 0.0037004 0 34.7407 430.976 299.33 0 
1 22 0 0 0 0 0.000888971 0.00052021 0.000172264 0.0010443 0 34.7407 430.976 299.33 0 
1 22 0 0 0 0 -0.000457194 -0.00058258 0.000927399 0.0011868 0 34.7407 430.976 299.33 0 
1 22 0 0 0 0 0.000164154 -3.17341e-05 -5.97371e-06 0.0001673 0 34.7407 430.976 299.33 0 
137 4
1 22 0 0 0 0 -0.00244431 0.00277639 9.97694e-05 0.0037004 0 -188.719 408.948 242.478 0 
1 22 0 0 0 0 0.000832706 6.85358e-05 0.000626471 0.0010443 0 -188.719 408.948 242.478 0 
1 22 0 0 0 0 0.000425559 0.000996251 0.000484641 0.0011868 0 -188.719 408.948 242.478 0 
1 22 0 0 0 0 2.95407e-05 -1.91745e-05 0.000163551 0.0001673 0 -188.719 408.948 242.478 0 
138 2
1 22 0 0 0 0 0.000859895 -0.00274826 0.00478188 0.005582 0 177.887 538.843 211.511 0 
1 22 0 0 0 0 0.000339967 -0.000287354 -0.000260971 0.000516 0 177.887 538.843 211.511 0 
139 3
1 22 0 0 0 0 0.00267212 0.00391921 0.000120986 0.004745 0 291.844 22.3539 54.8914 0 
1 22 0 0 0 0 -0.000149621 -0.00108927 -0.000446756 0.0011868 0 291.844 22.3539 54.8914 0 
1 22 0 0 0 0 -0.00012076 -0.0001087 3.98809e-05 0.0001673 0 291.844 22.3539 54.8914 0 
140 2
1 22 0 0 0 0 0.00402961 -0.00380028 0.000692021 0.005582 0 -33.5189 554.958 96.156 0 
1 22 0 0 0 0 -0.000274782 0.000204824 -0.000385743 0.000516 0 -33.5189 554.958 96.156 0 
141 3
1 22 0 0 0 0 -0.0040728 0.00149934 -0.00191816 0.004745 0 312.43 562.696 416.855 0 
1 22 0 0 0 0 0.000295342 -0.00113342 0.000191356 0.0011868 0 312.43 562.696 416.855 0 
1 22 0 0 0 0 0.000164271 5.28158e-06 3.12473e-05 0.0001673 0 312.43 562.696 416.855 0 
142 4
1 22 0 0 0 0 0.00208232 -0.000533969 0.00174977 0.0027718 0 148.132 586.933 221.373 0 
1 22 0 0 0 0 -0.000892116 -0.00245888 -0.00102808 0.0028105 0 148.132 586.933 221.373 0 
1 22 0 0 0 0 0.000311324 -0.000157061 -8.66672e-07 0.0003487 0 148.132 586.933 221.373 0 
1 22 0 0 0 0 0.000116291 -0.000101655 6.42803e-05 0.0001673 0 148.132 586.933 221.373 0 
143 3
1 22 0 0 0 0 -0.00159689 0.000901654 0.0043763 0.004745 0 -89.1866 218.434 39.8394 0 
1 22 0 0 0 0 -0.000555065 -0.000228863 0.00102373 0.0011868 0 -89.1866 218.434 39.8394 0 
1 22 0 0 0 0 -0.00015295 -4.86445e-05 -4.72167e-05 0.0001673 0 -89.1866 218.434 39.8394 0 
144 3
1 22 0 0 0 0 0.00305369 -0.00357729 0.000626914 0.004745 0 223.583 491.892 487.035 0 
1 22 0 0 0 0 0.00106815 0.000147835 0.000495682 0.0011868 0 223.583 491.892 487.035 0 
1 22 0 0 0 0 6.86767e-05 -0.000152519 3.27397e-06 0.0001673 0 223.583 491.892 487.035 0 
145 4
1 22 0 0 0 0 -0.000479472 -0.00235905 0.00137399 0.0027718 0 195.144 589.164 193.516 0 
1 22 0 0 0 0 -0.000938169 4.6214e-05 0.00209025 0.0022916 0 195.144 589.164 193.516 0 
1 22 0 0 0 0 3.13123e-05 3.0522e-05 -0.000866197 0.0008673 0 195.144 589.164 193.516 0 
1 22 0 0 0 0 0.000107364 7.53175e-05 -0.000103872 0.0001673 0 195.144 589.164 193.516 0 
146 2
1 22 0 0 0 0 -0.00388151 0.00398538 -0.000457476 0.005582 0 -258.725 581.102 11.0052 0 
1 22 0 0 0 0 0.000243739 0.000453424 -3.54095e-05 0.000516 0 -258.725 581.102 11.0052 0 
147 3
1 22 0 0 0 0 0.00428482 0.000483818 0.00198023 0.004745 0 336.494 543.863 123.207 0 
1 22 0 0 0 0 -0.000968789 -0.000633252 0.000262553 0.0011868 0 336.494 543.863 123.207 0 
1 22 0 0 0 0 -0.000122459 0.000111581 -2.32982e-05 0.0001673 0 336.494 543.863 123.207 0 
148 3
1 22 0 0 0 0 0.00126046 -0.002763 0.00364583 0.004745 0 256.779 4.06849 129.191 0 
1 22 0 0 0 0 0.00019628 -0.000390529 -0.00110338 0.0011868 0 256.779 4.06849 129.191 0 
1 22 0 0 0 0 8.07794e-05 0.000135816 -5.49372e-05 0.0001673 0 256.779 4.06849 129.191 0 
149 3
1 22 0 0 0 0 -0.00359315 -0.00191473 0.00243683 0.004745 0 196.308 528.216 162.253 0 
1 22 0 0 0 0 -0.00012208 -0.000361945 -0.00112365 0.0011868 0 196.308 528.216 162.253 0 
1 22 0 0 0 0 8.50943e-05 0.000134937 5.03996e-05 0.0001673 0 196.308 528.216 162.253 0 
150 3
1 22 0 0 0 0 -0.00538355 0.000857073 -0.00120066 0.005582 0 -60.2209 517.499 160.716 0 
1 22 0 0 0 0 0.000253865 7.74134e-05 -0.000226167 0.0003487 0 -60.2209 517.499 160.716 0 
1 22 0 0 0 0 -9.76629e-05 -6.33237e-05 0.000120172 0.0001673 0 -60.2209 517.499 160.716 0 
151 3
1 22 0 0 0 0 -0.00284252 -0.00265379 0.00271892 0.004745 0 123.994 495.549 592.872 0 
1 22 0 0 0 0 0.000732437 -0.000242337 0.000901834 0.0011868 0 123.994 495.549 592.872 0 
1 22 0 0 0 0 4.91265e-05 4.29503e-05 -0.000154049 0.0001673 0 123.994 495.549 592.872 0 
152 4
1 22 0 0 0 0 0.0021114 -0.001591 0.00258915 0.0037004 0 113.631 534.722 427.725 0 
1 22 0 0 0 0 0.000287817 -0.000452205 0.000896233 0.0010443 0 113.631 534.722 427.725 0 
1 22 0 0 0 0 0.000446443 0.00109611 8.78403e-05 0.0011868 0 113.631 534.722 427.725 0 
1 22 0 0 0 0 -8.84019e-05 9.97272e-05 0.000101138 0.0001673 0 113.631 534.722 427.725 0 
153 3
1 22 0 0 0 0 0.00440622 -0.00175847 8.93647e-05 0.004745 0 340.109 593.133 591.177 0 
1 22 0 0 0 0 0.000498955 -0.00107608 3.98749e-05 0.0011868 0 340.109 593.133 591.177 0 
1 22 0 0 0 0 -0.000139319 -8.92646e-05 -2.47252e-05 0.0001673 0 340.109 593.133 591.177 0 
154 3
1 22 0 0 0 0 0.00317304 -0.00224535 -0.00272125 0.004745 0 66.6236 390.664 237.592 0 
1 22 0 0 0 0 -0.000330281 0.00104128 0.000463827 0.0011868 0 66.6236 390.664 237.592 0 
1 22 0 0 0 0 1.11604e-05 -0.000143428 -8.54007e-05 0.0001673 0 66.6236 390.664 237.592 0 
155 3
1 22 0 0 0 0 -0.00122817 -0.000742753 0.00485602 0.0050637 0 27.1625 583.158 79.1631 0 
1 22 0 0 0 0 -0.000214623 -0.000365399 -0.000756723 0.0008673 0 27.1625 583.158 79.1631 0 
1 22 0 0 0 0 0.000123771 2.12502e-05 -0.000110537 0.0001673 0 27.1625 583.158 79.1631 0 
156 3
1 22 0 0 0 0 -0.00302186 0.00365767 -6.9725e-05 0.004745 0 13.5835 586.308 81.0335 0 
1 22 0 0 0 0 -5.07505e-05 0.000566951 -0.000614599 0.0008377 0 13.5835 586.308 81.0335 0 
1 22 0 0 0 0 1.04218e-05 0.000461262 -0.000231051 0.000516 0 13.5835 586.308 81.0335 0 
157 2
1 22 0 0 0 0 -0.00474876 -0.0014238 0.0025653 0.005582 0 205.718 569.013 607.564 0 
1 22 0 0 0 0 -2.49593e-06 3.89118e-05 0.000514525 0.000516 0 205.718 569.013 607.564 0 
158 3
1 22 0 0 0 0 -0.000726013 -0.00146368 0.00136763 0.0021307 0 167.036 591.577 573.193 0 
1 22 0 0 0 0 -0.00105363 0.00310418 0.00108114 0.0034518 0 167.036 591.577 573.193 0 
1 22 0 0 0 0 -0.000261362 -1.30646e-05 0.000444719 0.000516 0 167.036 591.577 573.193 0 
159 3
1 22 0 0 0 0 0.00248642 0.000448852 -0.00401637 0.004745 0 199.505 540.68 368.539 0 
1 22 0 0 0 0 0.000213256 0.000772435 0.000875421 0.0011868 0 199.505 540.68 368.539 0 
1 22 0 0 0 0 -7.61058e-05 -9.27209e-05 0.000116619 0.0001673 0 199.505 540.68 368.539 0 
160 3
1 22 0 0 0 0 -0.00248855 0.00276706 -0.00294372 0.004745 0 223.868 573.098 359.1 0 
1 22 0 0 0 0 0.000351211 -0.000985153 -0.000560908 0.0011868 0 223.868 573.098 359.1 0 
1 22 0 0 0 0 -2.75403e-05 0.000116604 0.000116766 0.0001673 0 223.868 573.098 359.1 0 
161 4
1 22 0 0 0 0 0.00174057 0.00314395 0.000882579 0.0037004 0 127.157 552.077 365.483 0 
1 22 0 0 0 0 0.00100673 0.000142093 0.000238474 0.0010443 0 127.157 552.077 365.483 0 
1 22 0 0 0 0 0.00117164 -6.31569e-05 -0.000178225 0.0011868 0 127.157 552.077 365.483 0 
1 22 0 0 0 0 -3.6128e-05 0.000149131 6.6664e-05 0.0001673 0 127.157 552.077 365.483 0 
162 3
1 22 0 0 0 0 -0.00119471 -0.00119594 -0.00443367 0.004745 0 237.18 589.682 671.165 0 
1 22 0 0 0 0 -0.00110375 0.000166202 -0.000403252 0.0011868 0 237.18 589.682 671.165 0 
1 22 0 0 0 0 8.77184e-05 -0.000117144 8.10684e-05 0.0001673 0 237.18 589.682 671.165 0 
163 5
1 22 0 0 0 0 9.28583e-05 0.00211775 -0.000215382 0.0021307 0 267.799 488.555 202.191 0 
1 22 0 0 0 0 0.00261039 -0.000105511 9.63212e-05 0.0026143 0 267.799 488.555 202.191 0 
1 22 0 0 0 0 0.000478164 -0.000686667 3.98596e-05 0.0008377 0 267.799 488.555 202.191 0 
1 22 0 0 0 0 -0.000329171 0.000104901 4.72674e-05 0.0003487 0 267.799 488.555 202.191 0 
1 22 0 0 0 0 5.0616e-05 0.00014278 -7.10012e-05 0.0001673 0 267.799 488.555 202.191 0 
164 3
1 22 0 0 0 0 -0.00302017 -0.000971635 0.00352839 0.004745 0 142.178 560.706 413.43 0 
1 22 0 0 0 0 -0.000438126 0.000994829 -0.000476294 0.0011868 0 142.178 560.706 413.43 0 
1 22 0 0 0 0 -1.58941e-05 -9.99881e-05 -0.000133188 0.0001673 0 142.178 560.706 413.43 0 
165 4
1 22 0 0 0 0 -0.00286404 0.00209443 -0.00105052 0.0037004 0 -331.712 566.354 324.725 0 
1 22 0 0 0 0 -0.000745799 0.000675389 0.000279634 0.0010443 0 -331.712 566.354 324.725 0 
1 22 0 0 0 0 0.0010813 0.000467029 -0.000145517 0.0011868 0 -331.712 566.354 324.725 0 
1 22 0 0 0 0 -2.39157e-05 0.000148145 -7.39617e-05 0.0001673 0 -331.712 566.354 324.725 0 
166 3
1 22 0 0 0 0 -0.00183758 0.00255852 -3.1952e-05 0.0031502 0 242.458 589.572 281.775 0 
1 22 0 0 0 0 -0.000399784 -0.00235603 0.000454273 0.0024325 0 242.458 589.572 281.775 0 
1 22 0 0 0 0 -6.55663e-05 -0.000503579 9.14605e-05 0.000516 0 242.458 589.572 281.775 0 
167 2
1 22 0 0 0 0 -0.00279112 -0.00121742 0.00467827 0.005582 0 -73.2982 543.892 216.59 0 
1 22 0 0 0 0 0.000129183 -0.000499334 -1.52854e-05 0.000516 0 -73.2982 543.892 216.59 0 
168 2
1 22 0 0 0 0 0.00424324 -0.00335125 -0.00138664 0.005582 0 168.033 577.81 349.838 0 
1 22 0 0 0 0 5.02957e-05 6.19595e-05 -0.000509791 0.000516 0 168.033 577.81 349.838 0 
169 3
1 22 0 0 0 0 0.000736898 0.00012901 0.00166879 0.0018288 0 272.247 580.849 20.6555 0 
1 22 0 0 0 0 -0.00407515 0.000366791 -0.000298503 0.0041025 0 272.247 580.849 20.6555 0 
1 22 0 0 0 0 4.36565e-05 -0.000103708 -0.000123807 0.0001673 0 272.247 580.849 20.6555 0 
170 3
1 22 0 0 0 0 0.000872138 0.00465789 -0.000241693 0.004745 0 -80.3903 546.157 440.539 0 
1 22 0 0 0 0 -0.00073151 0.000315842 -0.000879563 0.0011868 0 -80.3903 546.157 440.539 0 
1 22 0 0 0 0 -0.000133978 9.81374e-05 2.02035e-05 0.0001673 0 -80.3903 546.157 440.539 0 
171 3
1 22 0 0 0 0 -0.00223651 -0.00499058 0.00111843 0.005582 0 -29.6107 571.489 171.985 0 
1 22 0 0 0 0 0.000159729 -0.000270688 -0.000151018 0.0003487 0 -29.6107 571.489 171.985 0 
1 22 0 0 0 0 3.62872e-05 -0.000155456 -5.00607e-05 0.0001673 0 -29.6107 571.489 171.985 0 
172 4
1 22 0 0 0 0 0.00179031 0.000958952 -0.000644271 0.0021307 0 51.1851 509.346 140.796 0 
1 22 0 0 0 0 0.000266795 0.00114607 -0.0023345 0.0026143 0 51.1851 509.346 140.796 0 
1 22 0 0 0 0 -0.000514527 -0.000886059 -0.000598879 0.0011868 0 51.1851 509.346 140.796 0 
1 22 0 0 0 0 -3.51656e-05 7.48188e-05 -0.000145447 0.0001673 0 51.1851 509.346 140.796 0 
173 4
1 22 0 0 0 0 0.000541623 -0.000619848 -0.00264675 0.0027718 0 136.178 557.669 556.492 0 
1 22 0 0 0 0 0.001792 -0.00198359 -0.000867763 0.0028105 0 136.178 557.669 556.492 0 
1 22 0 0 0 0 0.000114655 0.000316843 -8.97562e-05 0.0003487 0 136.178 557.669 556.492 0 
1 22 0 0 0 0 6.02749e-05 3.08276e-05 0.00015299 0.0001673 0 136.178 557.669 556.492 0 
174 3
1 22 0 0 0 0 0.00184782 -0.000797367 0.00069976 0.0021307 0 129.193 556.686 244.98 0 
1 22 0 0 0 0 -0.00310489 0.000659793 0.0013562 0.0034518 0 129.193 556.686 244.98 0 
1 22 0 0 0 0 -0.00021562 9.94901e-06 -0.000468684 0.000516 0 129.193 556.686 244.98 0 
175 4
1 22 0 0 0 0 0.00188917 0.00109778 0.00170552 0.0027718 0 230.374 52.6558 369.944 0 
1 22 0 0 0 0 0.00085462 -0.00157504 0.00216513 0.0028105 0 230.374 52.6558 369.944 0 
1 22 0 0 0 0 5.21709e-05 -0.000309295 0.000152337 0.0003487 0 230.374 52.6558 369.944 0 
1 22 0 0 0 0 -0.000141226 4.8768e-05 7.52737e-05 0.0001673 0 230.374 52.6558 369.944 0 
176 3
1 22 0 0 0 0 0.000137133 -0.00295218 -0.00371226 0.004745 0 11.9206 438.56 183.222 0 
1 22 0 0 0 0 -0.000348915 0.000117687 -0.00112823 0.0011868 0 11.9206 438.56 183.222 0 
1 22 0 0 0 0 -0.00013325 9.24431e-05 4.10847e-05 0.0001673 0 11.9206 438.56 183.222 0 
177 4
1 22 0 0 0 0 0.000999711 0.00264233 -0.0023899 0.0037004 0 299.698 556.607 432.234 0 
1 22 0 0 0 0 -0.000207375 -0.00101048 0.000162748 0.0010443 0 299.698 556.607 432.234 0 
1 22 0 0 0 0 0.000699388 -0.0009588 -7.34776e-06 0.0011868 0 299.698 556.607 432.234 0 
1 22 0 0 0 0 -2.75305e-05 -0.000146937 -7.51057e-05 0.0001673 0 299.698 556.607 432.234 0 
178 3
1 22 0 0 0 0 0.000216485 -0.00169148 0.00442799 0.004745 0 -287.201 593.573 326.398 0 
1 22 0 0 0 0 0.000465936 -0.000802321 0.000740054 0.0011868 0 -287.201 593.573 326.398 0 
1 22 0 0 0 0 -8.96241e-05 0.000118806 -7.64325e-05 0.0001673 0 -287.201 593.573 326.398 0 
179 3
1 22 0 0 0 0 0.00226482 0.00409639 -0.000777935 0.004745 0 -3.61665 578.921 21.6171 0 
1 22 0 0 0 0 -0.00078341 0.000824045 0.000340166 0.0011868 0 -3.61665 578.921 21.6171 0 
1 22 0 0 0 0 1.42045e-05 5.71599e-05 -0.00015659 0.0001673 0 -3.61665 578.921 21.6171 0 
180 3
1 22 0 0 0 0 2.41452e-05 0.0014948 -0.00105333 0.0018288 0 191.294 580.705 46.2707 0 
1 22 0 0 0 0 -0.00361607 0.00108442 -0.00160579 0.0041025 0 191.294 580.705 46.2707 0 
1 22 0 0 0 0 -0.000139561 -4.87658e-05 -7.83198e-05 0.0001673 0 191.294 580.705 46.2707 0 
181 3
1 22 0 0 0 0 -0.000885834 0.00268802 0.00138333 0.0031502 0 276.755 573.762 462.029 0 
1 22 0 0 0 0 -0.00156365 0.00228818 -0.000240039 0.0027818 0 276.755 573.762 462.029 0 
1 22 0 0 0 0 8.11743e-05 -0.000138686 -4.65418e-05 0.0001673 0 276.755 573.762 462.029 0 
182 3
1 22 0 0 0 0 -0.00271182 0.00314453 0.0022963 0.004745 0 155.787 569.542 137.684 0 
1 22 0 0 0 0 -0.00117567 -0.000100215 0.000127513 0.0011868 0 155.787 569.542 137.684 0 
1 22 0 0 0 0 -8.04769e-05 8.82373e-05 -0.000117162 0.0001673 0 155.787 569.542 137.684 0 
183 3
1 22 0 0 0 0 -0.00146616 -0.00450558 -0.000255317 0.004745 0 269.021 540.651 633.743 0 
1 22 0 0 0 0 0.00028644 -0.00015012 -0.00114189 0.0011868 0 269.021 540.651 633.743 0 
1 22 0 0 0 0 -8.85325e-05 9.6278e-05 -0.000104316 0.0001673 0 269.021 540.651 633.743 0 
184 3
1 22 0 0 0 0 0.00426834 0.00202986 0.000419498 0.004745 0 322.77 209.158 171.976 0 
1 22 0 0 0 0 0.000152013 0.000170105 0.00116467 0.0011868 0 322.77 209.158 171.976 0 
1 22 0 0 0 0 8.23782e-05 -7.30313e-05 -0.000125974 0.0001673 0 322.77 209.158 171.976 0 
185 3
1 22 0 0 0 0 -0.00448863 -0.000314413 -0.00150611 0.004745 0 181.768 538.808 94.7841 0 
1 22 0 0 0 0 -7.39935e-05 0.000828116 -0.000102419 0.0008377 0 181.768 538.808 94.7841 0 
1 22 0 0 0 0 0.000476691 -0.000155189 0.000122222 0.000516 0 181.768 538.808 94.7841 0 
186 3
1 22 0 0 0 0 0.00209752 -0.00413843 0.000994411 0.004745 0 11.016 449.624 602.223 0 
1 22 0 0 0 0 0.00115856 0.000256577 -2.01782e-05 0.0011868 0 11.016 449.624 602.223 0 
1 22 0 0 0 0 -9.86367e-05 -3.02875e-05 -0.000131692 0.0001673 0 11.016 449.624 602.223 0 
187 3
1 22 0 0 0 0 -0.00164545 0.00442909 0.000436655 0.004745 0 218.957 374.962 25.2681 0 
1 22 0 0 0 0 -0.000360495 -0.00109774 -0.000271108 0.0011868 0 218.957 374.962 25.2681 0 
1 22 0 0 0 0 -2.58402e-05 6.59617e-05 0.000151561 0.0001673 0 218.957 374.962 25.2681 0 
188 3
1 22 0 0 0 0 0.00345819 -0.00144689 0.00290903 0.004745 0 233.064 379.983 192.233 0 
1 22 0 0 0 0 -9.24484e-05 0.000661543 0.000980973 0.0011868 0 233.064 379.983 192.233 0 
1 22 0 0 0 0 3.98761e-05 0.000158111 -3.74178e-05 0.0001673 0 233.064 379.983 192.233 0 
189 3
1 22 0 0 0 0 -0.00397463 -0.00119511 0.00229979 0.004745 0 -103.514 580.518 308.268 0 
1 22 0 0 0 0 0.000634684 0.000464666 0.000288102 0.0008377 0 -103.514 580.518 308.268 0 
1 22 0 0 0 0 0.000385325 0.00032207 0.000118539 0.000516 0 -103.514 580.518 308.268 0 
190 4
1 22 0 0 0 0 0.00356135 0.00161627 -0.00268691 0.004745 0 284.862 586.329 267.322 0 
1 22 0 0 0 0 -0.000127755 -0.000815988 -0.000139943 0.0008377 0 284.862 586.329 267.322 0 
1 22 0 0 0 0 0.000222018 -0.000127777 -0.000236585 0.0003487 0 284.862 586.329 267.322 0 
1 22 0 0 0 0 9.6566e-05 0.000133196 -3.03816e-05 0.0001673 0 284.862 586.329 267.322 0 
191 3
1 22 0 0 0 0 0.00115941 0.00386312 -0.00249942 0.004745 0 41.0269 373.399 33.5764 0 
1 22 0 0 0 0 0.000408137 -2.19983e-05 0.0011142 0.0011868 0 41.0269 373.399 33.5764 0 
1 22 0 0 0 0 2.85351e-05 -0.000141631 -8.43551e-05 0.0001673 0 41.0269 373.399 33.5764 0 
192 3
1 22 0 0 0 0 -0.00119173 -0.00143444 -0.00205061 0.0027718 0 318.119 585.87 491.896 0 
1 22 0 0 0 0 -0.000948832 -0.00138894 0.00225155 0.0028105 0 318.119 585.87 491.896 0 
1 22 0 0 0 0 0.000245611 0.000435221 -0.000128508 0.000516 0 318.119 585.87 491.896 0 
193 4
1 22 0 0 0 0 -0.000781457 0.00250648 0.00260765 0.0037004 0 248.396 495.134 162.342 0 
1 22 0 0 0 0 0.000862093 -0.000534785 -0.000247715 0.0010443 0 248.396 495.134 162.342 0 
1 22 0 0 0 0 -0.000714683 -0.000392916 -0.000191274 0.0008377 0 248.396 495.134 162.342 0 
1 22 0 0 0 0 0.000361515 0.000264389 0.000256244 0.000516 0 248.396 495.134 162.342 0 
194 3
1 22 0 0 0 0 -0.00211826 -0.00261051 -0.000157582 0.0033655 0 72.2883 576.048 63.36 0 
1 22 0 0 0 0 -0.00183725 0.000517669 0.00171505 0.0025661 0 72.2883 576.048 63.36 0 
1 22 0 0 0 0 2.35976e-05 -0.000160722 -4.00116e-05 0.0001673 0 72.2883 576.048 63.36 0 
195 4
1 22 0 0 0 0 0.000739145 -0.00351334 0.000896136 0.0037004 0 -222.61 585.902 215.581 0 
1 22 0 0 0 0 4.12706e-05 -0.000986621 -0.000339761 0.0010443 0 -222.61 585.902 215.581 0 
1 22 0 0 0 0 4.64934e-05 0.000856778 0.000819917 0.0011868 0 -222.61 585.902 215.581 0 
1 22 0 0 0 0 -0.000111823 -7.59352e-05 -9.85841e-05 0.0001673 0 -222.61 585.902 215.581 0 
196 3
1 22 0 0 0 0 0.000295457 9.72905e-05 -0.00275429 0.0027718 0 -67.705 560.197 297.528 0 
1 22 0 0 0 0 0.00124252 0.00246547 0.000525833 0.0028105 0 -67.705 560.197 297.528 0 
1 22 0 0 0 0 0.000248906 0.000448549 -5.57282e-05 0.000516 0 -67.705 560.197 297.528 0 
197 3
1 22 0 0 0 0 8.2076e-05 -0.00213888 0.00423479 0.004745 0 338.96 550.016 327.156 0 
1 22 0 0 0 0 -0.00105563 0.000507248 0.000191916 0.0011868 0 338.96 550.016 327.156 0 
1 22 0 0 0 0 1.08702e-05 0.000131104 -0.000103358 0.0001673 0 338.96 550.016 327.156 0 
198 3
1 22 0 0 0 0 -0.00354772 -0.00101847 0.000263345 0.0037004 0 69.3662 356.537 208.328 0 
1 22 0 0 0 0 0.001225 -8.75447e-06 -0.00186279 0.0022295 0 69.3662 356.537 208.328 0 
1 22 0 0 0 0 -7.32875e-05 -0.000141121 -5.19904e-05 0.0001673 0 69.3662 356.537 208.328 0 
199 3
1 22 0 0 0 0 0.00352583 0.00292547 0.00123498 0.004745 0 -200.208 571.511 322.971 0 
1 22 0 0 0 0 -0.000981169 0.000490908 0.000452559 0.0011868 0 -200.208 571.511 322.971 0 
1 22 0 0 0 0 4.85374e-05 4.72157e-05 -0.000152984 0.0001673 0 -200.208 571.511 322.971 0 
