0 3
1 22 0 0 0 0 -0.00119776 0.00161203 0.00429904 0.004745 0 108.53 583.563 109.343 0 
1 22 0 0 0 0 0.000393097 -0.00052626 0.000519871 0.0008377 0 108.53 583.563 109.343 0 
1 22 0 0 0 0 0.000210067 -0.00011629 -0.000456732 0.000516 0 108.53 583.563 109.343 0 
1 3
1 22 0 0 0 0 -0.0027609 0.00128862 -0.00363757 0.004745 0 75.6523 586.759 374.257 0 
1 22 0 0 0 0 -0.00016656 0.000792294 -0.000215103 0.0008377 0 75.6523 586.759 374.257 0 
1 22 0 0 0 0 0.00045598 0.000136587 0.000199203 0.000516 0 75.6523 586.759 374.257 0 
2 2
1 22 0 0 0 0 -0.000237038 0.00483023 -0.00278773 0.005582 0 140.974 587.087 185.633 0 
1 22 0 0 0 0 -0.000331836 0.000352311 -0.000178936 0.000516 0 140.974 587.087 185.633 0 
3 2
1 22 0 0 0 0 0.00430476 0.00332103 0.00126432 0.005582 0 262.613 581.416 669.34 0 
1 22 0 0 0 0 0.000132638 -0.000168738 0.000469245 0.000516 0 262.613 581.416 669.34 0 
4 3
1 22 0 0 0 0 -0.00281774 0.000724201 -0.00374845 0.004745 0 53.0476 408.66 183.091 0 
1 22 0 0 0 0 -0.000184558 4.6274e-05 0.00117145 0.0011868 0 53.0476 408.66 183.091 0 
1 22 0 0 0 0 -6.6536e-05 -0.000152871 1.38839e-05 0.0001673 0 53.0476 408.66 183.091 0 
5 4
1 22 0 0 0 0 -0.00114682 -0.00211449 -0.00281188 0.0037004 0 -166.201 544.559 53.1623 0 
1 22 0 0 0 0 -5.2303e-05 0.000820049 -0.000644474 0.0010443 0 -166.201 544.559 53.1623 0 
1 22 0 0 0 0 -0.000692767 0.00034901 -0.000898198 0.0011868 0 -166.201 544.559 53.1623 0 
1 22 0 0 0 0 4.5322e-05 -0.000155952 4.01754e-05 0.0001673 0 -166.201 544.559 53.1623 0 
6 2
1 22 0 0 0 0 -0.00135693 0.00529205 0.00114528 0.005582 0 179.224 374.579 114.088 0 
1 22 0 0 0 0 -0.000292739 0.000381221 0.000187698 0.000516 0 179.224 374.579 114.088 0 
7 3
1 22 0 0 0 0 0.00226307 0.00329213 0.00256036 0.004745 0 71.0407 589.828 24.6257 0 
1 22 0 0 0 0 0.000526043 0.000986374 -0.000398545 0.0011868 0 71.0407 589.828 24.6257 0 
1 22 0 0 0 0 0.000114294 -9.19868e-05 8.04025e-05 0.0001673 0 71.0407 589.828 24.6257 0 
8 3
1 22 0 0 0 0 -0.00051125 -0.00396593 0.00255442 0.004745 0 203.499 587.607 236.123 0 
1 22 0 0 0 0 -0.000634877 0.000537619 0.000846399 0.0011868 0 203.499 587.607 236.123 0 
1 22 0 0 0 0 1.15967e-05 0.00016499 2.51617e-05 0.0001673 0 203.499 587.607 236.123 0 
9 2
1 22 0 0 0 0 0.00227604 0.00290555 -0.00418762 0.005582 0 125.064 355.448 49.0714 0 
1 22 0 0 0 0 0.000408805 -4.35091e-05 0.000311835 0.000516 0 125.064 355.448 49.0714 0 
10 3
1 22 0 0 0 0 0.000960105 0.00433634 -0.00167015 0.004745 0 -109.623 563.029 51.2499 0 
1 22 0 0 0 0 0.000672607 0.00043997 -0.000236152 0.0008377 0 -109.623 563.029 51.2499 0 
1 22 0 0 0 0 -8.16375e-05 0.000475886 -0.000181999 0.000516 0 -109.623 563.029 51.2499 0 
11 3
1 22 0 0 0 0 0.00368202 0.0029431 0.00054399 0.004745 0 209.028 566.181 472.392 0 
1 22 0 0 0 0 -0.00118603 2.3815e-05 -3.55583e-05 0.0011868 0 209.028 566.181 472.392 0 
1 22 0 0 0 0 -0.000102308 6.67295e-05 0.000114322 0.0001673 0 209.028 566.181 472.392 0 
12 4
1 22 0 0 0 0 0.00269435 -0.00252537 0.000236541 0.0037004 0 95.3042 539.923 55.5259 0 
1 22 0 0 0 0 -0.000567987 -0.000679245 0.000553697 0.0010443 0 95.3042 539.923 55.5259 0 
1 22 0 0 0 0 -0.00118276 9.50847e-05 -2.32943e-05 0.0011868 0 95.3042 539.923 55.5259 0 
1 22 0 0 0 0 -0.000134292 7.46561e-05 -6.61915e-05 0.0001673 0 95.3042 539.923 55.5259 0 
13 3
1 22 0 0 0 0 -0.00317539 -0.000895707 -0.00341022 0.004745 0 163.525 585.997 218.243 0 
1 22 0 0 0 0 0.00114595 0.000304469 -5.08154e-05 0.0011868 0 163.525 585.997 218.243 0 
1 22 0 0 0 0 0.000157004 -3.07564e-06 -5.77032e-05 0.0001673 0 163.525 585.997 218.243 0 
14 4
1 22 0 0 0 0 -0.00214686 0.00147505 0.000947685 0.0027718 0 48.2228 586.172 178.636 0 
1 22 0 0 0 0 -0.00144617 0.00184883 -0.00154575 0.0028105 0 48.2228 586.172 178.636 0 
1 22 0 0 0 0 0.000223454 -6.40863e-05 0.00025991 0.0003487 0 48.2228 586.172 178.636 0 
1 22 0 0 0 0 0.000155953 5.34176e-05 -2.85413e-05 0.0001673 0 48.2228 586.172 178.636 0 
15 3
1 22 0 0 0 0 -0.00422564 -0.00153202 0.0015205 0.004745 0 273.589 575.679 579.388 0 
1 22 0 0 0 0 -0.00106774 -2.36497e-05 0.000517557 0.0011868 0 273.589 575.679 579.388 0 
1 22 0 0 0 0 0.000145592 -7.42789e-05 3.57038e-05 0.0001673 0 273.589 575.679 579.388 0 
16 3
1 22 0 0 0 0 0.00410879 -0.00237289 4.75168e-05 0.004745 0 158.809 512.424 572.976 0 
1 22 0 0 0 0 0.00111877 -0.000388721 -7.57239e-05 0.0011868 0 158.809 512.424 572.976 0 
1 22 0 0 0 0 1.31194e-05 -8.22461e-05 0.000145096 0.0001673 0 158.809 512.424 572.976 0 
17 3
1 22 0 0 0 0 -0.000945523 0.0029304 -0.00361023 0.004745 0 33.5312 121.92 481.435 0 
1 22 0 0 0 0 0.000631806 -0.000181927 0.000988038 0.0011868 0 33.5312 121.92 481.435 0 
1 22 0 0 0 0 -8.07574e-05 -9.62646e-05 -0.000110457 0.0001673 0 33.5312 121.92 481.435 0 
18 3
1 22 0 0 0 0 -0.00126587 -0.00247087 -0.00384804 0.004745 0 81.5166 583.533 451.483 0 
1 22 0 0 0 0 0.00113675 4.93038e-05 -0.000337427 0.0011868 0 81.5166 583.533 451.483 0 
1 22 0 0 0 0 8.03763e-05 0.000137611 -5.09122e-05 0.0001673 0 81.5166 583.533 451.483 0 
19 3
1 22 0 0 0 0 -0.000841048 -0.00457663 -0.000928504 0.004745 0 47.1173 510.296 354.482 0 
1 22 0 0 0 0 0.00027886 -0.00113299 -0.000216938 0.0011868 0 47.1173 510.296 354.482 0 
1 22 0 0 0 0 6.28102e-05 3.02315e-05 -0.000152086 0.0001673 0 47.1173 510.296 354.482 0 
20 4
1 22 0 0 0 0 -0.00257941 0.00263431 -0.000316256 0.0037004 0 106.724 583.089 170.776 0 
1 22 0 0 0 0 0.000887638 0.000357995 -0.000417733 0.0010443 0 106.724 583.089 170.776 0 
1 22 0 0 0 0 -0.000518655 -0.000972805 0.000439478 0.0011868 0 106.724 583.089 170.776 0 
1 22 0 0 0 0 0.000163404 3.50945e-05 7.53452e-06 0.0001673 0 106.724 583.089 170.776 0 
21 3
1 22 0 0 0 0 -0.00448345 4.9237e-05 -0.00155283 0.004745 0 248.829 496.747 198.539 0 
1 22 0 0 0 0 -0.00115026 0.00028024 8.27879e-05 0.0011868 0 248.829 496.747 198.539 0 
1 22 0 0 0 0 -0.000107408 -3.51246e-05 0.000123366 0.0001673 0 248.829 496.747 198.539 0 
22 2
1 22 0 0 0 0 -0.00255446 0.00259648 -0.00422986 0.005582 0 143.017 493.54 249.14 0 
1 22 0 0 0 0 0.000170552 -0.000427026 -0.00023413 0.000516 0 143.017 493.54 249.14 0 
23 3
1 22 0 0 0 0 0.00229823 0.000459414 0.00147985 0.0027718 0 -18.84 586.331 259.306 0 
1 22 0 0 0 0 -0.00158472 -0.000660592 -0.000971303 0.0019726 0 -18.84 586.331 259.306 0 
1 22 0 0 0 0 -0.000924977 0.00025173 -0.000956225 0.001354 0 -18.84 586.331 259.306 0 
24 4
1 22 0 0 0 0 0.000851568 0.00245176 -0.00263755 0.0037004 0 -338.111 581.414 24.6471 0 
1 22 0 0 0 0 -4.8909e-05 0.00085956 0.000591039 0.0010443 0 -338.111 581.414 24.6471 0 
1 22 0 0 0 0 0.000654848 -0.000594714 0.000791191 0.0011868 0 -338.111 581.414 24.6471 0 
1 22 0 0 0 0 0.000148312 5.37737e-05 5.56896e-05 0.0001673 0 -338.111 581.414 24.6471 0 
25 4
1 22 0 0 0 0 0.00292916 0.000219349 0.00225053 0.0037004 0 330.965 589.855 283.662 0 
1 22 0 0 0 0 -0.000176169 -0.000775624 -0.000676708 0.0010443 0 330.965 589.855 283.662 0 
1 22 0 0 0 0 -0.000590431 0.00091522 -0.000471442 0.0011868 0 330.965 589.855 283.662 0 
1 22 0 0 0 0 -7.18204e-05 -0.000144708 4.34822e-05 0.0001673 0 330.965 589.855 283.662 0 
26 3
1 22 0 0 0 0 0.00117304 0.000534402 -0.00456655 0.004745 0 -256.693 581.266 340.048 0 
1 22 0 0 0 0 0.000160108 -0.000879177 0.000780966 0.0011868 0 -256.693 581.266 340.048 0 
1 22 0 0 0 0 0.000141194 -8.24092e-05 -3.55275e-05 0.0001673 0 -256.693 581.266 340.048 0 
27 4
1 22 0 0 0 0 0.00146542 0.0015307 0.000222225 0.0021307 0 260.385 518.964 134.34 0 
1 22 0 0 0 0 -9.18448e-05 0.00179292 -0.00190041 0.0026143 0 260.385 518.964 134.34 0 
1 22 0 0 0 0 -0.00100476 -0.000420905 0.000470939 0.0011868 0 260.385 518.964 134.34 0 
1 22 0 0 0 0 3.88124e-05 9.22403e-05 0.000134069 0.0001673 0 260.385 518.964 134.34 0 
28 4
1 22 0 0 0 0 0.000611943 -0.000294985 0.0020195 0.0021307 0 326.506 590.169 295.521 0 
1 22 0 0 0 0 0.00119594 -0.0019918 0.00119876 0.0026143 0 326.506 590.169 295.521 0 
1 22 0 0 0 0 0.000397979 0.00069939 -0.000232826 0.0008377 0 326.506 590.169 295.521 0 
1 22 0 0 0 0 -0.000264611 0.000429301 -0.000109259 0.000516 0 326.506 590.169 295.521 0 
29 2
1 22 0 0 0 0 0.000213699 -0.000287016 0.00557052 0.005582 0 89.2088 471.039 209.434 0 
1 22 0 0 0 0 -0.00023327 0.00045139 -8.99354e-05 0.000516 0 89.2088 471.039 209.434 0 
30 3
1 22 0 0 0 0 -0.00335903 0.00201992 0.00267429 0.004745 0 120.187 548.555 37.5496 0 
1 22 0 0 0 0 -0.000623039 0.000924055 0.00040797 0.0011868 0 120.187 548.555 37.5496 0 
1 22 0 0 0 0 0.000116426 0.000107417 5.38139e-05 0.0001673 0 120.187 548.555 37.5496 0 
31 3
1 22 0 0 0 0 -0.00162704 -0.000700436 -0.00440195 0.004745 0 236.1 543.423 542.403 0 
1 22 0 0 0 0 0.000683049 0.000388876 -0.000889221 0.0011868 0 236.1 543.423 542.403 0 
1 22 0 0 0 0 -0.000109033 -0.000121083 -3.79482e-05 0.0001673 0 236.1 543.423 542.403 0 
32 3
1 22 0 0 0 0 -0.00164137 -3.30648e-05 -0.00445195 0.004745 0 -8.7083 140.726 259.789 0 
1 22 0 0 0 0 -0.000597323 9.98149e-05 0.000578778 0.0008377 0 -8.7083 140.726 259.789 0 
1 22 0 0 0 0 0.000101114 0.000299946 -0.00040751 0.000516 0 -8.7083 140.726 259.789 0 
33 3
1 22 0 0 0 0 -0.000710494 0.00115132 0.0030816 0.0033655 0 68.2493 541.374 127.374 0 
1 22 0 0 0 0 0.000878672 -0.00181706 -0.00158464 0.0025661 0 68.2493 541.374 127.374 0 
1 22 0 0 0 0 0.000135193 4.16027e-05 -8.93386e-05 0.0001673 0 68.2493 541.374 127.374 0 
34 3
1 22 0 0 0 0 0.00254039 0.000471666 -0.00100341 0.0027718 0 185.838 565.173 215.944 0 
1 22 0 0 0 0 -0.00126029 0.00150892 -0.00200842 0.0028105 0 185.838 565.173 215.944 0 
1 22 0 0 0 0 -4.67273e-06 -9.52869e-05 -0.000507104 0.000516 0 185.838 565.173 215.944 0 
35 3
1 22 0 0 0 0 0.000568468 0.00401606 -0.00246234 0.004745 0 176.728 459.702 42.3706 0 
1 22 0 0 0 0 -0.000166703 -0.00107071 -0.000484022 0.0011868 0 176.728 459.702 42.3706 0 
1 22 0 0 0 0 -7.92005e-05 -0.000100157 0.000108098 0.0001673 0 176.728 459.702 42.3706 0 
36 3
1 22 0 0 0 0 0.000959083 -0.00106882 0.00452248 0.004745 0 141.386 509.681 296.692 0 
1 22 0 0 0 0 0.000862739 -0.000813528 -4.84589e-05 0.0011868 0 141.386 509.681 296.692 0 
1 22 0 0 0 0 -2.14143e-05 -0.000115431 -0.000119191 0.0001673 0 141.386 509.681 296.692 0 
37 4
1 22 0 0 0 0 -0.00193009 0.00231509 -0.00214664 0.0037004 0 46.8213 569.19 174.535 0 
1 22 0 0 0 0 -0.000916053 -0.000169263 -0.000471974 0.0010443 0 46.8213 569.19 174.535 0 
1 22 0 0 0 0 0.000777883 -0.000873927 0.000199112 0.0011868 0 46.8213 569.19 174.535 0 
1 22 0 0 0 0 -5.46784e-05 0.000157509 -1.37991e-05 0.0001673 0 46.8213 569.19 174.535 0 
38 3
1 22 0 0 0 0 -0.00198358 0.00245117 -0.00117632 0.0033655 0 -78.3718 564.266 23.6826 0 
1 22 0 0 0 0 -0.000435066 -0.00136707 0.00212761 0.0025661 0 -78.3718 564.266 23.6826 0 
1 22 0 0 0 0 -0.00014414 7.43914e-05 4.09752e-05 0.0001673 0 -78.3718 564.266 23.6826 0 
39 3
1 22 0 0 0 0 0.00168765 0.00436998 -0.000755068 0.004745 0 108.327 586.745 338.285 0 
1 22 0 0 0 0 -0.000945444 -0.000307989 0.000647899 0.0011868 0 108.327 586.745 338.285 0 
1 22 0 0 0 0 3.19113e-05 0.000155957 -5.14624e-05 0.0001673 0 108.327 586.745 338.285 0 
40 3
1 22 0 0 0 0 0.00247324 -0.00314015 -0.00255687 0.004745 0 215.059 588.16 206.239 0 
1 22 0 0 0 0 0.000174468 -0.00103439 0.000555053 0.0011868 0 215.059 588.16 206.239 0 
1 22 0 0 0 0 0.000133023 0.000101407 3.29944e-06 0.0001673 0 215.059 588.16 206.239 0 
41 3
1 22 0 0 0 0 -0.0020583 0.00326728 0.0027574 0.004745 0 149.866 342.885 202.315 0 
1 22 0 0 0 0 -0.000487503 -5.45854e-05 -0.00108067 0.0011868 0 149.866 342.885 202.315 0 
1 22 0 0 0 0 7.66829e-05 -0.000148444 -8.57208e-06 0.0001673 0 149.866 342.885 202.315 0 
42 4
1 22 0 0 0 0 0.00157194 0.00231513 -0.00242119 0.0037004 0 152.32 591.203 226.71 0 
1 22 0 0 0 0 0.000436129 0.00125312 -0.00133399 0.0018815 0 152.32 591.203 226.71 0 
1 22 0 0 0 0 4.18464e-05 0.000206813 0.000277613 0.0003487 0 152.32 591.203 226.71 0 
1 22 0 0 0 0 -4.22334e-05 -0.000143277 7.53485e-05 0.0001673 0 152.32 591.203 226.71 0 
43 3
1 22 0 0 0 0 -0.00161562 0.000854809 -5.97871e-05 0.0018288 0 86.7484 590.459 202.821 0 
1 22 0 0 0 0 0.00252577 1.47149e-05 -0.00323276 0.0041025 0 86.7484 590.459 202.821 0 
1 22 0 0 0 0 -0.000131008 -9.45331e-05 -4.34706e-05 0.0001673 0 86.7484 590.459 202.821 0 
44 3
1 22 0 0 0 0 -0.000837083 0.00414536 -0.00215182 0.004745 0 121.144 549.719 27.2886 0 
1 22 0 0 0 0 0.000962424 0.000390404 -0.000574298 0.0011868 0 121.144 549.719 27.2886 0 
1 22 0 0 0 0 0.000129232 7.03151e-05 7.96507e-05 0.0001673 0 121.144 549.719 27.2886 0 
45 4
1 22 0 0 0 0 0.00291324 0.00261551 0.00268088 0.004745 0 116.483 585.734 442.922 0 
1 22 0 0 0 0 -0.000286677 0.000783919 -7.09122e-05 0.0008377 0 116.483 585.734 442.922 0 
1 22 0 0 0 0 -0.000177866 4.65199e-05 -0.000296296 0.0003487 0 116.483 585.734 442.922 0 
1 22 0 0 0 0 4.8609e-05 0.000106646 -0.000119386 0.0001673 0 116.483 585.734 442.922 0 
46 4
1 22 0 0 0 0 -0.00169936 0.000126409 0.00218611 0.0027718 0 138.821 577.069 383.241 0 
1 22 0 0 0 0 -0.00071688 -0.00174177 0.000586052 0.0019726 0 138.821 577.069 383.241 0 
1 22 0 0 0 0 -0.000489773 -0.000574935 -0.000362372 0.0008377 0 138.821 577.069 383.241 0 
1 22 0 0 0 0 -8.26225e-06 -0.000469684 -0.000213505 0.000516 0 138.821 577.069 383.241 0 
47 4
1 22 0 0 0 0 0.0045608 0.00128677 -0.00024155 0.004745 0 79.5579 517.953 376.86 0 
1 22 0 0 0 0 0.000724171 -0.000281233 -0.00031341 0.0008377 0 79.5579 517.953 376.86 0 
1 22 0 0 0 0 0.000195349 0.000260234 -0.000125335 0.0003487 0 79.5579 517.953 376.86 0 
1 22 0 0 0 0 0.000164848 1.88681e-05 2.14084e-05 0.0001673 0 79.5579 517.953 376.86 0 
48 3
1 22 0 0 0 0 -0.00148004 -0.00434777 -0.00119223 0.004745 0 -243.805 573.809 533.881 0 
1 22 0 0 0 0 -0.000453039 -3.16221e-05 0.00109647 0.0011868 0 -243.805 573.809 533.881 0 
1 22 0 0 0 0 -0.000138724 -8.27425e-05 -4.35716e-05 0.0001673 0 -243.805 573.809 533.881 0 
49 3
1 22 0 0 0 0 -0.00344999 -0.000482855 -0.00322171 0.004745 0 244.217 588.427 500.729 0 
1 22 0 0 0 0 0.000310655 0.00038897 -0.00107735 0.0011868 0 244.217 588.427 500.729 0 
1 22 0 0 0 0 9.79442e-05 0.00012223 -5.87888e-05 0.0001673 0 244.217 588.427 500.729 0 
50 3
1 22 0 0 0 0 -0.00298691 0.00309188 -0.0020084 0.004745 0 -341.747 571.87 329.814 0 
1 22 0 0 0 0 0.000630156 0.00100567 5.43154e-06 0.0011868 0 -341.747 571.87 329.814 0 
1 22 0 0 0 0 4.467e-05 0.000143005 -7.44539e-05 0.0001673 0 -341.747 571.87 329.814 0 
51 3
1 22 0 0 0 0 -0.00295537 -0.000409351 -0.000801621 0.0030894 0 243.157 466.434 211.839 0 
1 22 0 0 0 0 -0.00230606 0.00157108 -0.000541848 0.0028425 0 243.157 466.434 211.839 0 
1 22 0 0 0 0 7.58481e-05 9.27556e-05 0.000116759 0.0001673 0 243.157 466.434 211.839 0 
52 3
1 22 0 0 0 0 -0.00132922 0.00443619 -0.00311643 0.005582 0 2.68171 560.204 281.04 0 
1 22 0 0 0 0 0.000242349 -0.000178866 -0.000175686 0.0003487 0 2.68171 560.204 281.04 0 
1 22 0 0 0 0 5.50091e-06 -0.000130957 0.000103967 0.0001673 0 2.68171 560.204 281.04 0 
53 3
1 22 0 0 0 0 -0.00160952 0.00282319 -0.00345747 0.004745 0 197.267 519.696 290.91 0 
1 22 0 0 0 0 -0.00023522 0.000966982 -0.000646615 0.0011868 0 197.267 519.696 290.91 0 
1 22 0 0 0 0 -2.62951e-06 0.000128974 0.000106528 0.0001673 0 197.267 519.696 290.91 0 
54 4
1 22 0 0 0 0 -0.00202174 -0.000765739 0.0030032 0.0037004 0 -250.233 370.552 536.956 0 
1 22 0 0 0 0 0.000705422 0.000417377 0.0006471 0.0010443 0 -250.233 370.552 536.956 0 
1 22 0 0 0 0 -0.000857418 -0.000599065 -0.000560758 0.0011868 0 -250.233 370.552 536.956 0 
1 22 0 0 0 0 7.70636e-05 7.00794e-05 -0.000130917 0.0001673 0 -250.233 370.552 536.956 0 
55 3
1 22 0 0 0 0 0.00449544 -0.0010235 -0.00112181 0.004745 0 269.567 568.676 332.569 0 
1 22 0 0 0 0 -0.000791393 -0.000111704 -0.000877333 0.0011868 0 269.567 568.676 332.569 0 
1 22 0 0 0 0 0.000128685 -0.000106593 -8.20068e-06 0.0001673 0 269.567 568.676 332.569 0 
56 2
1 22 0 0 0 0 -0.00477851 -0.00236334 0.00165504 0.005582 0 76.3686 492.122 352.99 0 
1 22 0 0 0 0 -0.000174407 5.08233e-05 -0.000482965 0.000516 0 76.3686 492.122 352.99 0 
57 3
1 22 0 0 0 0 0.00233131 -0.00388464 -0.00141052 0.004745 0 148.036 590.005 635.898 0 
1 22 0 0 0 0 -0.000106242 0.00114439 0.000295927 0.0011868 0 148.036 590.005 635.898 0 
1 22 0 0 0 0 -6.54488e-05 -0.000151886 -2.5228e-05 0.0001673 0 148.036 590.005 635.898 0 
58 3
1 22 0 0 0 0 -0.000550842 -4.9087e-05 -0.00471266 0.004745 0 77.4368 352.519 301.045 0 
1 22 0 0 0 0 0.000977151 -0.000347981 0.000576696 0.0011868 0 77.4368 352.519 301.045 0 
1 22 0 0 0 0 -0.000132351 6.38315e-05 7.99874e-05 0.0001673 0 77.4368 352.519 301.045 0 
59 3
1 22 0 0 0 0 -0.00197418 -0.00356802 -0.00242629 0.004745 0 143.868 570.163 179.938 0 
1 22 0 0 0 0 -0.000155997 -0.000291102 0.00113992 0.0011868 0 143.868 570.163 179.938 0 
1 22 0 0 0 0 0.000115439 -0.000110818 -4.88105e-05 0.0001673 0 143.868 570.163 179.938 0 
60 3
1 22 0 0 0 0 -0.00242027 -0.000832894 -0.00399545 0.004745 0 119.249 586.638 456.861 0 
1 22 0 0 0 0 9.68944e-05 -0.00088548 -0.000784239 0.0011868 0 119.249 586.638 456.861 0 
1 22 0 0 0 0 -3.51345e-05 -0.000163241 1.03512e-05 0.0001673 0 119.249 586.638 456.861 0 
61 4
1 22 0 0 0 0 -0.000627323 -0.00145755 0.00142194 0.0021307 0 -131.52 582.988 182.905 0 
1 22 0 0 0 0 0.00089575 0.00123024 0.00309823 0.0034518 0 -131.52 582.988 182.905 0 
1 22 0 0 0 0 -0.000102043 -0.000311711 -0.000118387 0.0003487 0 -131.52 582.988 182.905 0 
1 22 0 0 0 0 -0.000165596 2.17096e-05 9.79794e-06 0.0001673 0 -131.52 582.988 182.905 0 
62 2
1 22 0 0 0 0 0.000271136 -0.00335199 -0.00445526 0.005582 0 245.793 524.74 180.516 0 
1 22 0 0 0 0 -0.000244597 0.0003517 0.000287637 0.000516 0 245.793 524.74 180.516 0 
63 3
1 22 0 0 0 0 -0.000177463 0.00417527 0.00224736 0.004745 0 -244.737 517.827 195.723 0 
1 22 0 0 0 0 -0.000499843 0.000535288 -0.000406651 0.0008377 0 -244.737 517.827 195.723 0 
1 22 0 0 0 0 0.000386397 -0.000341626 1.56553e-05 0.000516 0 -244.737 517.827 195.723 0 
64 4
1 22 0 0 0 0 0.00258109 -0.0024894 -0.000913147 0.0037004 0 307.055 580.127 355.595 0 
1 22 0 0 0 0 -0.000804115 -0.000165132 -0.000645518 0.0010443 0 307.055 580.127 355.595 0 
1 22 0 0 0 0 -0.000146163 0.000821669 7.23753e-05 0.0008377 0 307.055 580.127 355.595 0 
1 22 0 0 0 0 0.000224855 0.000445269 0.00013203 0.000516 0 307.055 580.127 355.595 0 
65 2
1 22 0 0 0 0 0.00108943 -0.00539435 0.000934243 0.005582 0 66.9823 490.123 59.9977 0 
1 22 0 0 0 0 0.00014434 -0.000256162 0.000424032 0.000516 0 66.9823 490.123 59.9977 0 
66 3
1 22 0 0 0 0 -0.00151433 0.00155309 0.00257319 0.0033655 0 263.512 585.152 174.812 0 
1 22 0 0 0 0 -0.00131971 0.00144955 -0.00165591 0.0025661 0 263.512 585.152 174.812 0 
1 22 0 0 0 0 7.89639e-05 0.000131166 -6.74497e-05 0.0001673 0 263.512 585.152 174.812 0 
67 3
1 22 0 0 0 0 0.0044456 -0.00058459 0.0015524 0.004745 0 267.282 272.038 220.564 0 
1 22 0 0 0 0 -0.000485513 -0.00108146 -5.66763e-05 0.0011868 0 267.282 272.038 220.564 0 
1 22 0 0 0 0 3.73351e-05 -0.000158072 4.01074e-05 0.0001673 0 267.282 272.038 220.564 0 
68 3
1 22 0 0 0 0 -0.00254738 -0.0039413 0.000701462 0.004745 0 -301.985 534.113 203.021 0 
1 22 0 0 0 0 0.00105362 0.000146812 0.000526145 0.0011868 0 -301.985 534.113 203.021 0 
1 22 0 0 0 0 -0.00014258 -8.74824e-05 -2.65921e-06 0.0001673 0 -301.985 534.113 203.021 0 
69 3
1 22 0 0 0 0 0.000119092 0.00409635 0.00239181 0.004745 0 -231.436 580.388 288.901 0 
1 22 0 0 0 0 0.000690274 0.000792709 0.000551026 0.0011868 0 -231.436 580.388 288.901 0 
1 22 0 0 0 0 -9.72625e-05 -5.38342e-05 -0.000125025 0.0001673 0 -231.436 580.388 288.901 0 
70 4
1 22 0 0 0 0 -6.10408e-05 0.000277359 0.00211169 0.0021307 0 210.972 507.028 42.995 0 
1 22 0 0 0 0 0.00197044 -0.000164521 -0.00171023 0.0026143 0 210.972 507.028 42.995 0 
1 22 0 0 0 0 7.41749e-05 -0.000766649 -0.000329375 0.0008377 0 210.972 507.028 42.995 0 
1 22 0 0 0 0 0.000410169 0.000224662 -0.000218046 0.000516 0 210.972 507.028 42.995 0 
71 3
1 22 0 0 0 0 -0.00115466 0.00457081 0.000538007 0.004745 0 16.0262 566.628 206.761 0 
1 22 0 0 0 0 -0.000408534 0.00105123 -0.000369469 0.0011868 0 16.0262 566.628 206.761 0 
1 22 0 0 0 0 0.000138665 -5.1373e-05 -7.82439e-05 0.0001673 0 16.0262 566.628 206.761 0 
72 2
1 22 0 0 0 0 0.00490246 0.00263506 -0.000425469 0.005582 0 108.732 502.206 335.469 0 
1 22 0 0 0 0 -0.000241489 0.000359316 0.000280768 0.000516 0 108.732 502.206 335.469 0 
73 3
1 22 0 0 0 0 0.000635768 -0.00268954 -0.000212189 0.0027718 0 258.781 569.029 312.903 0 
1 22 0 0 0 0 0.000574682 -0.00227299 0.00154989 0.0028105 0 258.781 569.029 312.903 0 
1 22 0 0 0 0 0.000458325 0.000225818 -7.21144e-05 0.000516 0 258.781 569.029 312.903 0 
74 3
1 22 0 0 0 0 -0.00352632 0.0025876 0.00183968 0.004745 0 109.061 567.267 60.73 0 
1 22 0 0 0 0 0.000829739 -0.000662519 0.000530185 0.0011868 0 109.061 567.267 60.73 0 
1 22 0 0 0 0 7.79568e-05 -7.54058e-05 0.000127381 0.0001673 0 109.061 567.267 60.73 0 
75 3
1 22 0 0 0 0 -0.0027136 -0.0019033 0.00339542 0.004745 0 98.4133 521.446 103.683 0 
1 22 0 0 0 0 0.000837923 -0.0007708 0.000335032 0.0011868 0 98.4133 521.446 103.683 0 
1 22 0 0 0 0 -0.000131831 4.94682e-05 9.03475e-05 0.0001673 0 98.4133 521.446 103.683 0 
76 2
1 22 0 0 0 0 -0.000281773 0.00330682 -0.00339125 0.004745 0 11.7138 164.974 688.847 0 
1 22 0 0 0 0 0.00100274 8.93067e-05 -0.000905452 0.001354 0 11.7138 164.974 688.847 0 
77 4
1 22 0 0 0 0 7.68927e-05 -0.000948292 0.00190649 0.0021307 0 235.164 558.645 442.405 0 
1 22 0 0 0 0 -0.000814258 0.0017651 -0.00174814 0.0026143 0 235.164 558.645 442.405 0 
1 22 0 0 0 0 -9.72472e-05 0.000586421 -0.0010272 0.0011868 0 235.164 558.645 442.405 0 
1 22 0 0 0 0 -0.000117084 -1.1343e-05 0.000118962 0.0001673 0 235.164 558.645 442.405 0 
78 3
1 22 0 0 0 0 0.00428287 -0.00203375 -0.000189432 0.004745 0 342.597 522.962 152.708 0 
1 22 0 0 0 0 -0.00049528 -0.00038228 0.00100849 0.0011868 0 342.597 522.962 152.708 0 
1 22 0 0 0 0 -0.000165835 2.64844e-06 -2.19327e-05 0.0001673 0 342.597 522.962 152.708 0 
79 3
1 22 0 0 0 0 -0.00296797 0.00243619 0.00278768 0.004745 0 341.662 490.091 109.324 0 
1 22 0 0 0 0 0.00061193 -0.000267817 -0.000980974 0.0011868 0 341.662 490.091 109.324 0 
1 22 0 0 0 0 6.71417e-05 5.68778e-05 0.000142289 0.0001673 0 341.662 490.091 109.324 0 
80 3
1 22 0 0 0 0 0.00071303 0.00198405 0.0042509 0.004745 0 57.3344 123.696 73.8075 0 
1 22 0 0 0 0 0.00100984 0.000503278 -0.000368019 0.0011868 0 57.3344 123.696 73.8075 0 
1 22 0 0 0 0 5.26687e-05 0.000156666 -2.59075e-05 0.0001673 0 57.3344 123.696 73.8075 0 
81 4
1 22 0 0 0 0 -0.00269313 0.00143297 -0.000785748 0.0031502 0 -345.668 580.617 22.9382 0 
1 22 0 0 0 0 0.0015536 0.00167924 -0.00082676 0.0024325 0 -345.668 580.617 22.9382 0 
1 22 0 0 0 0 -0.000199342 -0.000152497 -0.000242073 0.0003487 0 -345.668 580.617 22.9382 0 
1 22 0 0 0 0 0.000111259 0.000111754 5.5874e-05 0.0001673 0 -345.668 580.617 22.9382 0 
82 3
1 22 0 0 0 0 0.00208058 0.00349329 -0.00244604 0.004745 0 -191.472 347.877 58.7258 0 
1 22 0 0 0 0 -0.00101818 2.95761e-06 -0.000609752 0.0011868 0 -191.472 347.877 58.7258 0 
1 22 0 0 0 0 -9.68284e-05 -0.000109873 -8.08796e-05 0.0001673 0 -191.472 347.877 58.7258 0 
83 3
1 22 0 0 0 0 0.000697931 -0.00268172 -6.45761e-05 0.0027718 0 230.298 536.879 259.97 0 
1 22 0 0 0 0 0.00150469 0.000881655 -0.00220397 0.0028105 0 230.298 536.879 259.97 0 
1 22 0 0 0 0 0.000495308 -9.82226e-05 0.000106201 0.000516 0 230.298 536.879 259.97 0 
84 4
1 22 0 0 0 0 0.000449504 -0.00172043 0.00117386 0.0021307 0 227.046 585.71 58.1037 0 
1 22 0 0 0 0 0.00167381 -0.000321955 0.00198224 0.0026143 0 227.046 585.71 58.1037 0 
1 22 0 0 0 0 -0.000172541 -0.00107212 -0.000478838 0.0011868 0 227.046 585.71 58.1037 0 
1 22 0 0 0 0 3.059e-05 0.000164368 -6.0654e-06 0.0001673 0 227.046 585.71 58.1037 0 
85 3
1 22 0 0 0 0 -0.000626358 0.00190019 0.000732703 0.0021307 0 280.999 490.929 106.238 0 
1 22 0 0 0 0 0.00258448 -0.000330805 0.000213533 0.0026143 0 280.999 490.929 106.238 0 
1 22 0 0 0 0 -2.82821e-05 -0.00044728 -0.00127768 0.001354 0 280.999 490.929 106.238 0 
86 3
1 22 0 0 0 0 -0.000356553 -0.00304483 0.000382472 0.0030894 0 212.807 577.436 291.792 0 
1 22 0 0 0 0 0.00158617 -0.00235058 -0.000196562 0.0028425 0 212.807 577.436 291.792 0 
1 22 0 0 0 0 0.000103 -0.000124404 -4.36331e-05 0.0001673 0 212.807 577.436 291.792 0 
87 3
1 22 0 0 0 0 -0.000577019 -0.0023748 -0.00406724 0.004745 0 -65.4024 581.622 160.491 0 
1 22 0 0 0 0 0.000531438 -0.00104831 -0.000164684 0.0011868 0 -65.4024 581.622 160.491 0 
1 22 0 0 0 0 -0.000106679 -7.62431e-05 0.000103903 0.0001673 0 -65.4024 581.622 160.491 0 
88 4
1 22 0 0 0 0 -0.00227811 -0.000214178 -0.00156436 0.0027718 0 273.936 592.81 18.8187 0 
1 22 0 0 0 0 0.00193058 0.00203995 -0.000101876 0.0028105 0 273.936 592.81 18.8187 0 
1 22 0 0 0 0 -5.82728e-05 -0.000246255 -0.000239905 0.0003487 0 273.936 592.81 18.8187 0 
1 22 0 0 0 0 -1.4903e-05 0.000157426 -5.46288e-05 0.0001673 0 273.936 592.81 18.8187 0 
89 3
1 22 0 0 0 0 -0.00267451 -0.000709586 0.000162292 0.0027718 0 -68.7378 501.434 221.467 0 
1 22 0 0 0 0 -0.00156286 -0.000333449 0.00231197 0.0028105 0 -68.7378 501.434 221.467 0 
1 22 0 0 0 0 -3.5136e-05 -0.00041199 -0.000308683 0.000516 0 -68.7378 501.434 221.467 0 
90 3
1 22 0 0 0 0 0.000382904 0.00221778 -0.00220422 0.0031502 0 320.801 555.364 80.7818 0 
1 22 0 0 0 0 0.00218285 0.000268124 0.00170343 0.0027818 0 320.801 555.364 80.7818 0 
1 22 0 0 0 0 5.80755e-06 -0.000133142 -0.000101138 0.0001673 0 320.801 555.364 80.7818 0 
91 4
1 22 0 0 0 0 -0.00040242 -0.00104247 0.00352764 0.0037004 0 -59.069 441.21 173.392 0 
1 22 0 0 0 0 0.000237199 0.000657925 -0.000775521 0.0010443 0 -59.069 441.21 173.392 0 
1 22 0 0 0 0 0.00117143 0.000163973 9.67053e-05 0.0011868 0 -59.069 441.21 173.392 0 
1 22 0 0 0 0 -0.000132279 8.3923e-05 -5.87243e-05 0.0001673 0 -59.069 441.21 173.392 0 
92 3
1 22 0 0 0 0 -0.00234854 3.28406e-05 -0.00147179 0.0027718 0 208.07 460.608 475.093 0 
1 22 0 0 0 0 -0.000267484 -0.00279411 -0.000142521 0.0028105 0 208.07 460.608 475.093 0 
1 22 0 0 0 0 8.42211e-06 -0.000511521 6.73171e-05 0.000516 0 208.07 460.608 475.093 0 
93 3
1 22 0 0 0 0 0.00360055 0.000295599 0.00307631 0.004745 0 154.541 564.135 315.986 0 
1 22 0 0 0 0 -0.00074365 -0.000831964 0.000404123 0.0011868 0 154.541 564.135 315.986 0 
1 22 0 0 0 0 6.52692e-06 -8.93624e-05 -0.000141284 0.0001673 0 154.541 564.135 315.986 0 
94 3
1 22 0 0 0 0 -0.00217607 0.000990897 -0.00140204 0.0027718 0 291.296 578.16 5.32612 0 
1 22 0 0 0 0 -0.00117023 -0.00180016 0.00181353 0.0028105 0 291.296 578.16 5.32612 0 
1 22 0 0 0 0 0.000322399 0.000265447 0.000303072 0.000516 0 291.296 578.16 5.32612 0 
95 2
1 22 0 0 0 0 0.00229541 -0.00319617 -0.00395908 0.005582 0 -56.543 284.095 225.8 0 
1 22 0 0 0 0 0.000145985 -0.000282627 -0.000406283 0.000516 0 -56.543 284.095 225.8 0 
96 3
1 22 0 0 0 0 -0.00207608 0.000275299 0.00517425 0.005582 0 -112.714 256.236 280.504 0 
1 22 0 0 0 0 -0.000331061 -0.000102208 3.9296e-05 0.0003487 0 -112.714 256.236 280.504 0 
1 22 0 0 0 0 -0.000138012 8.55604e-05 -4.0266e-05 0.0001673 0 -112.714 256.236 280.504 0 
97 4
1 22 0 0 0 0 0.00153761 -0.00273661 -0.00195951 0.0037004 0 101.441 581.556 205.818 0 
1 22 0 0 0 0 -0.000526941 -0.00087746 0.000207268 0.0010443 0 101.441 581.556 205.818 0 
1 22 0 0 0 0 -0.000109973 0.000481566 -0.00107912 0.0011868 0 101.441 581.556 205.818 0 
1 22 0 0 0 0 -0.000116916 -1.60056e-05 0.000118591 0.0001673 0 101.441 581.556 205.818 0 
98 3
1 22 0 0 0 0 0.00174125 0.00348458 -0.00270939 0.004745 0 19.3141 576.546 309.946 0 
1 22 0 0 0 0 0.000297468 0.00104624 0.000474759 0.0011868 0 19.3141 576.546 309.946 0 
1 22 0 0 0 0 -4.14813e-05 0.000112947 0.000116239 0.0001673 0 19.3141 576.546 309.946 0 
99 2
1 22 0 0 0 0 -0.00322394 -0.0031405 0.00150283 0.004745 0 -113.698 587.053 93.7147 0 
1 22 0 0 0 0 2.86833e-05 0.00134469 -0.000155934 0.001354 0 -113.698 587.053 93.7147 0 
100 3
1 22 0 0 0 0 0.000789746 -0.00137133 0.00227566 0.0027718 0 148.922 553.519 59.004 0 
1 22 0 0 0 0 0.00153593 -0.00189094 -0.00140149 0.0028105 0 148.922 553.519 59.004 0 
1 22 0 0 0 0 -0.000302534 0.000379021 -0.000176274 0.000516 0 148.922 553.519 59.004 0 
101 3
1 22 0 0 0 0 -0.00370763 0.00238891 -0.00174973 0.004745 0 311.876 575.159 106.154 0 
1 22 0 0 0 0 -0.000836156 0.000713728 0.000447135 0.0011868 0 311.876 575.159 106.154 0 
1 22 0 0 0 0 5.93829e-05 -0.000156057 -1.0452e-05 0.0001673 0 311.876 575.159 106.154 0 
102 3
1 22 0 0 0 0 0.00293759 -0.00116829 -0.00353846 0.004745 0 -282.074 492.72 179.271 0 
1 22 0 0 0 0 0.000536047 -0.00100921 -0.000320386 0.0011868 0 -282.074 492.72 179.271 0 
1 22 0 0 0 0 8.29585e-05 0.000143428 2.31444e-05 0.0001673 0 -282.074 492.72 179.271 0 
103 3
1 22 0 0 0 0 -0.00446113 -0.000909311 -0.0013366 0.004745 0 231.178 570.757 397.516 0 
1 22 0 0 0 0 0.000937327 -0.000522887 -0.000506461 0.0011868 0 231.178 570.757 397.516 0 
1 22 0 0 0 0 -7.71853e-05 -3.9077e-05 -0.000143195 0.0001673 0 231.178 570.757 397.516 0 
104 3
1 22 0 0 0 0 0.00205243 -0.00207418 0.0037417 0.004745 0 160.996 565.348 132.575 0 
1 22 0 0 0 0 0.000257716 -0.000572426 0.000554664 0.0008377 0 160.996 565.348 132.575 0 
1 22 0 0 0 0 -0.000274627 -0.000430119 7.63762e-05 0.000516 0 160.996 565.348 132.575 0 
105 4
1 22 0 0 0 0 0.00204121 -0.000166338 0.003082 0.0037004 0 -20.0862 543.812 290.133 0 
1 22 0 0 0 0 0.000747439 0.000725564 -7.38618e-05 0.0010443 0 -20.0862 543.812 290.133 0 
1 22 0 0 0 0 0.000730135 0.000703103 -0.000617287 0.0011868 0 -20.0862 543.812 290.133 0 
1 22 0 0 0 0 7.31922e-05 0.000148255 -2.55464e-05 0.0001673 0 -20.0862 543.812 290.133 0 
106 4
1 22 0 0 0 0 -0.00220328 0.00167655 0.000132723 0.0027718 0 -123.223 585.2 251.589 0 
1 22 0 0 0 0 0.00271052 0.000555455 -0.000493421 0.0028105 0 -123.223 585.2 251.589 0 
1 22 0 0 0 0 0.000330385 -1.76251e-05 -0.000110122 0.0003487 0 -123.223 585.2 251.589 0 
1 22 0 0 0 0 0.000160609 8.93466e-06 -4.59792e-05 0.0001673 0 -123.223 585.2 251.589 0 
107 3
1 22 0 0 0 0 -0.00122896 0.000994585 -0.000919226 0.0018288 0 263.785 596.547 225.627 0 
1 22 0 0 0 0 0.00258167 0.00318779 -5.92418e-05 0.0041025 0 263.785 596.547 225.627 0 
1 22 0 0 0 0 -5.87527e-05 -0.000156639 1.32247e-06 0.0001673 0 263.785 596.547 225.627 0 
108 3
1 22 0 0 0 0 0.00470023 -0.000292392 -0.000580873 0.004745 0 245.861 533.275 457.366 0 
1 22 0 0 0 0 -0.000393854 0.00101217 -0.000478419 0.0011868 0 245.861 533.275 457.366 0 
1 22 0 0 0 0 -0.000119042 -0.000116939 -1.19795e-05 0.0001673 0 245.861 533.275 457.366 0 
109 3
1 22 0 0 0 0 0.00431158 0.00198016 6.56039e-05 0.004745 0 179.439 481.357 326.907 0 
1 22 0 0 0 0 0.000883684 -0.000273045 0.000743669 0.0011868 0 179.439 481.357 326.907 0 
1 22 0 0 0 0 -9.74232e-05 7.12164e-05 -0.000115872 0.0001673 0 179.439 481.357 326.907 0 
110 3
1 22 0 0 0 0 0.0008449 4.50631e-05 -0.00466895 0.004745 0 35.4182 584.573 238.76 0 
1 22 0 0 0 0 0.000183487 -0.00114417 -0.000256325 0.0011868 0 35.4182 584.573 238.76 0 
1 22 0 0 0 0 -3.9526e-05 0.000160107 -2.81549e-05 0.0001673 0 35.4182 584.573 238.76 0 
111 3
1 22 0 0 0 0 0.00182852 0.00138666 0.00415316 0.004745 0 -79.9658 592.739 35.1727 0 
1 22 0 0 0 0 0.000555286 -0.000710372 0.000771702 0.0011868 0 -79.9658 592.739 35.1727 0 
1 22 0 0 0 0 2.91425e-05 0.000154423 -5.73899e-05 0.0001673 0 -79.9658 592.739 35.1727 0 
112 3
1 22 0 0 0 0 0.00304231 0.0027201 -0.00242083 0.004745 0 -245.737 585.426 104.406 0 
1 22 0 0 0 0 -0.000700682 0.000886061 0.000363916 0.0011868 0 -245.737 585.426 104.406 0 
1 22 0 0 0 0 -8.46119e-05 6.2251e-05 0.000130211 0.0001673 0 -245.737 585.426 104.406 0 
113 3
1 22 0 0 0 0 -0.00301533 0.00140781 0.00338244 0.004745 0 -6.58452 569.417 31.5062 0 
1 22 0 0 0 0 3.72043e-05 -0.000607015 -0.00101914 0.0011868 0 -6.58452 569.417 31.5062 0 
1 22 0 0 0 0 -0.000118669 -8.89947e-05 -7.73751e-05 0.0001673 0 -6.58452 569.417 31.5062 0 
114 3
1 22 0 0 0 0 0.00216084 0.00353045 0.00231986 0.004745 0 -111.772 560.417 144.728 0 
1 22 0 0 0 0 2.4996e-05 0.000469017 0.0010899 0.0011868 0 -111.772 560.417 144.728 0 
1 22 0 0 0 0 6.73839e-05 0.000147952 3.94838e-05 0.0001673 0 -111.772 560.417 144.728 0 
115 3
1 22 0 0 0 0 0.0033812 0.00275105 0.00187463 0.004745 0 -244.762 582.808 100.003 0 
1 22 0 0 0 0 0.000813561 0.000674794 -0.00053969 0.0011868 0 -244.762 582.808 100.003 0 
1 22 0 0 0 0 3.36864e-05 4.95517e-05 -0.000156202 0.0001673 0 -244.762 582.808 100.003 0 
116 3
1 22 0 0 0 0 0.00388013 0.00171509 -0.00212558 0.004745 0 143.805 589.187 611.961 0 
1 22 0 0 0 0 -0.000869077 -0.000685233 0.000428549 0.0011868 0 143.805 589.187 611.961 0 
1 22 0 0 0 0 -2.39195e-05 3.98103e-06 -0.000165533 0.0001673 0 143.805 589.187 611.961 0 
117 2
1 22 0 0 0 0 0.00326339 0.000562035 0.00339844 0.004745 0 220.348 581.976 213.478 0 
1 22 0 0 0 0 -0.000249394 -3.79955e-05 -0.00133029 0.001354 0 220.348 581.976 213.478 0 
118 3
1 22 0 0 0 0 -0.00134581 -0.00086677 -0.00446683 0.004745 0 313.505 515.851 672.597 0 
1 22 0 0 0 0 -0.00085523 0.000122585 -0.000813663 0.0011868 0 313.505 515.851 672.597 0 
1 22 0 0 0 0 1.95146e-05 7.32022e-05 -0.000149164 0.0001673 0 313.505 515.851 672.597 0 
119 4
1 22 0 0 0 0 -0.00366859 -0.00300928 -2.62004e-05 0.004745 0 300.683 521.857 355.502 0 
1 22 0 0 0 0 -4.22767e-05 -0.000834572 5.86754e-05 0.0008377 0 300.683 521.857 355.502 0 
1 22 0 0 0 0 0.000243602 0.000184088 0.000168409 0.0003487 0 300.683 521.857 355.502 0 
1 22 0 0 0 0 -6.02032e-05 0.000156083 -1.73698e-06 0.0001673 0 300.683 521.857 355.502 0 
120 3
1 22 0 0 0 0 0.00259157 -0.00378118 0.00122534 0.004745 0 297.056 523.839 157.458 0 
1 22 0 0 0 0 0.000695357 -0.000835986 -0.0004755 0.0011868 0 297.056 523.839 157.458 0 
1 22 0 0 0 0 -0.000136043 -2.40714e-05 9.43514e-05 0.0001673 0 297.056 523.839 157.458 0 
121 3
1 22 0 0 0 0 0.00134448 0.00432517 0.00141431 0.004745 0 315.217 574.934 202.399 0 
1 22 0 0 0 0 -0.000721676 0.000735843 -0.000588399 0.0011868 0 315.217 574.934 202.399 0 
1 22 0 0 0 0 -5.5152e-05 0.000134358 -8.30393e-05 0.0001673 0 315.217 574.934 202.399 0 
122 3
1 22 0 0 0 0 -0.00212741 -0.000760994 -0.00249431 0.0033655 0 253.315 499.528 162.451 0 
1 22 0 0 0 0 -0.00108316 0.000719018 -0.00221238 0.0025661 0 253.315 499.528 162.451 0 
1 22 0 0 0 0 2.42628e-05 -1.81701e-05 0.000164531 0.0001673 0 253.315 499.528 162.451 0 
123 3
1 22 0 0 0 0 0.000945507 -0.00131618 -0.000847467 0.0018288 0 253.684 562.103 506.155 0 
1 22 0 0 0 0 -0.000269804 -0.00152031 0.00380084 0.0041025 0 253.684 562.103 506.155 0 
1 22 0 0 0 0 0.00013678 9.34314e-05 -2.34745e-05 0.0001673 0 253.684 562.103 506.155 0 
124 2
1 22 0 0 0 0 -0.00228636 -0.000281557 -0.00414829 0.004745 0 122.607 580.396 223.021 0 
1 22 0 0 0 0 -0.00118374 -0.000382248 -0.000534759 0.001354 0 122.607 580.396 223.021 0 
125 3
1 22 0 0 0 0 -0.00389779 -0.00265448 -0.000525393 0.004745 0 293.657 178.709 133.68 0 
1 22 0 0 0 0 -0.00010625 -0.000136682 -0.00117411 0.0011868 0 293.657 178.709 133.68 0 
1 22 0 0 0 0 8.57812e-05 0.000140825 2.8268e-05 0.0001673 0 293.657 178.709 133.68 0 
126 3
1 22 0 0 0 0 0.000288107 -0.00190416 0.00433661 0.004745 0 252.24 564.286 334.626 0 
1 22 0 0 0 0 -0.00109408 0.000164388 -0.000429482 0.0011868 0 252.24 564.286 334.626 0 
1 22 0 0 0 0 7.15006e-05 -8.59973e-05 0.000124424 0.0001673 0 252.24 564.286 334.626 0 
127 3
1 22 0 0 0 0 -0.00410227 0.00213263 0.00106691 0.004745 0 204.149 572.625 494.63 0 
1 22 0 0 0 0 0.000433615 -0.000100388 0.000709677 0.0008377 0 204.149 572.625 494.63 0 
1 22 0 0 0 0 -7.61462e-05 -0.000212358 -0.000464071 0.000516 0 204.149 572.625 494.63 0 
128 3
1 22 0 0 0 0 0.00123409 -0.00308668 0.00162555 0.0037004 0 222.095 307.963 513.076 0 
1 22 0 0 0 0 -7.81517e-05 0.000194424 0.0018698 0.0018815 0 222.095 307.963 513.076 0 
1 22 0 0 0 0 0.000422266 -8.00741e-05 0.000285545 0.000516 0 222.095 307.963 513.076 0 
129 3
1 22 0 0 0 0 -0.000873639 -0.0002591 0.00301552 0.0031502 0 157.278 591.597 560.922 0 
1 22 0 0 0 0 0.000528044 -0.00222507 0.000829041 0.0024325 0 157.278 591.597 560.922 0 
1 22 0 0 0 0 -0.000129522 0.000482147 0.000130439 0.000516 0 157.278 591.597 560.922 0 
130 3
1 22 0 0 0 0 -0.00160021 -0.00147433 0.00171713 0.0027718 0 67.5852 419.879 135.739 0 
1 22 0 0 0 0 0.00267566 -0.000536788 -0.000672007 0.0028105 0 67.5852 419.879 135.739 0 
1 22 0 0 0 0 1.38972e-05 0.000450234 0.000251699 0.000516 0 67.5852 419.879 135.739 0 
131 4
1 22 0 0 0 0 -0.00099734 0.00168406 0.000842112 0.0021307 0 111.598 593.93 286.651 0 
1 22 0 0 0 0 -0.0020391 -0.000729732 -0.00146428 0.0026143 0 111.598 593.93 286.651 0 
1 22 0 0 0 0 -0.000144812 0.000533567 0.00105016 0.0011868 0 111.598 593.93 286.651 0 
1 22 0 0 0 0 2.85594e-06 8.03451e-05 -0.000146717 0.0001673 0 111.598 593.93 286.651 0 
132 3
1 22 0 0 0 0 0.00207149 0.00361174 -0.00227581 0.004745 0 -224.688 275.226 92.6239 0 
1 22 0 0 0 0 -0.00105432 -0.00011888 -0.000531763 0.0011868 0 -224.688 275.226 92.6239 0 
1 22 0 0 0 0 -2.70504e-05 0.000132769 -9.81319e-05 0.0001673 0 -224.688 275.226 92.6239 0 
133 3
1 22 0 0 0 0 0.00212682 0.00221051 -0.00362013 0.004745 0 114.729 499.545 486.563 0 
1 22 0 0 0 0 0.000646063 0.000657472 0.000747547 0.0011868 0 114.729 499.545 486.563 0 
1 22 0 0 0 0 -4.84372e-06 -0.0001302 0.000104947 0.0001673 0 114.729 499.545 486.563 0 
134 3
1 22 0 0 0 0 0.00085835 0.00384719 -0.00264147 0.004745 0 58.1054 588.314 155.747 0 
1 22 0 0 0 0 -0.000419457 0.000317382 0.00106387 0.0011868 0 58.1054 588.314 155.747 0 
1 22 0 0 0 0 5.93682e-05 0.000152136 -3.63218e-05 0.0001673 0 58.1054 588.314 155.747 0 
135 3
1 22 0 0 0 0 -0.00404805 0.000417904 -0.00244002 0.004745 0 107.528 362.136 406.213 0 
1 22 0 0 0 0 0.00112592 0.00013253 0.000351063 0.0011868 0 107.528 362.136 406.213 0 
1 22 0 0 0 0 9.38489e-05 0.000138201 9.06609e-06 0.0001673 0 107.528 362.136 406.213 0 
136 3
1 22 0 0 0 0 0.00164903 -4.21377e-05 -0.00444904 0.004745 0 259.57 592.885 114.083 0 
1 22 0 0 0 0 5.70269e-06 -0.00093842 0.000726519 0.0011868 0 259.57 592.885 114.083 0 
1 22 0 0 0 0 -0.00016354 -1.59608e-05 3.14541e-05 0.0001673 0 259.57 592.885 114.083 0 
137 3
1 22 0 0 0 0 -0.00420514 -0.00215777 0.000419306 0.004745 0 -188.478 546.43 226.331 0 
1 22 0 0 0 0 -0.00103372 -0.000560607 -0.000160122 0.0011868 0 -188.478 546.43 226.331 0 
1 22 0 0 0 0 -3.19471e-05 -0.000132454 -9.70798e-05 0.0001673 0 -188.478 546.43 226.331 0 
138 2
1 22 0 0 0 0 -0.0040898 -0.000854209 -0.0037017 0.005582 0 41.5095 502.609 132.093 0 
1 22 0 0 0 0 -0.000503848 9.78363e-05 -5.31121e-05 0.000516 0 41.5095 502.609 132.093 0 
139 3
1 22 0 0 0 0 -0.00328904 0.0003503 0.00340214 0.004745 0 -132.325 559.776 32.2907 0 
1 22 0 0 0 0 -0.000635679 -0.000307162 0.00095397 0.0011868 0 -132.325 559.776 32.2907 0 
1 22 0 0 0 0 2.02801e-05 -7.25422e-05 -0.000149384 0.0001673 0 -132.325 559.776 32.2907 0 
140 3
1 22 0 0 0 0 -0.00230573 -0.00409646 -0.000646292 0.004745 0 140.151 573.267 141.507 0 
1 22 0 0 0 0 -0.000676021 0.000331529 -0.000367186 0.0008377 0 140.151 573.267 141.507 0 
1 22 0 0 0 0 -0.000203462 0.00022813 -0.000415711 0.000516 0 140.151 573.267 141.507 0 
141 3
1 22 0 0 0 0 0.00226024 0.000993276 -0.00126 0.0027718 0 152.284 431.259 8.55651 0 
1 22 0 0 0 0 0.00227743 -0.00163133 -0.000225799 0.0028105 0 152.284 431.259 8.55651 0 
1 22 0 0 0 0 0.000496273 0.000134573 -4.31146e-05 0.000516 0 152.284 431.259 8.55651 0 
142 3
1 22 0 0 0 0 0.00142196 -0.00234109 0.000424485 0.0027718 0 300.201 32.3559 250.723 0 
1 22 0 0 0 0 7.80278e-05 -0.000875435 -0.00266954 0.0028105 0 300.201 32.3559 250.723 0 
1 22 0 0 0 0 0.000428418 4.15636e-05 0.000284582 0.000516 0 300.201 32.3559 250.723 0 
143 2
1 22 0 0 0 0 -4.79863e-05 -0.00486788 -0.00273133 0.005582 0 309.34 561.351 535.511 0 
1 22 0 0 0 0 -0.000241651 5.22476e-05 0.000452914 0.000516 0 309.34 561.351 535.511 0 
144 3
1 22 0 0 0 0 0.00112183 -0.00164166 -0.000765728 0.0021307 0 301.156 588.048 645.552 0 
1 22 0 0 0 0 -0.00157182 -0.00127801 -0.00279481 0.0034518 0 301.156 588.048 645.552 0 
1 22 0 0 0 0 2.35748e-06 -0.000471318 -0.000210022 0.000516 0 301.156 588.048 645.552 0 
145 4
1 22 0 0 0 0 -0.00210404 -0.000126472 0.00304138 0.0037004 0 138.411 567.796 289.749 0 
1 22 0 0 0 0 0.000709178 0.000688795 0.000336439 0.0010443 0 138.411 567.796 289.749 0 
1 22 0 0 0 0 -0.000512196 -0.000823041 0.000684655 0.0011868 0 138.411 567.796 289.749 0 
1 22 0 0 0 0 -0.000148539 -2.40042e-05 -7.31392e-05 0.0001673 0 138.411 567.796 289.749 0 
146 3
1 22 0 0 0 0 -0.00284201 -0.00254452 0.00282196 0.004745 0 45.3564 485.102 419.363 0 
1 22 0 0 0 0 0.000231672 0.000527934 -0.00103736 0.0011868 0 45.3564 485.102 419.363 0 
1 22 0 0 0 0 -0.000128438 -0.00010605 1.56961e-05 0.0001673 0 45.3564 485.102 419.363 0 
147 3
1 22 0 0 0 0 0.00430821 -0.00193359 -0.000464339 0.004745 0 52.6188 580.025 402.281 0 
1 22 0 0 0 0 0.00115936 -0.000124298 0.000221201 0.0011868 0 52.6188 580.025 402.281 0 
1 22 0 0 0 0 -7.76384e-05 8.66208e-05 0.000120243 0.0001673 0 52.6188 580.025 402.281 0 
148 4
1 22 0 0 0 0 0.00256734 -0.00266228 0.000118195 0.0037004 0 -306.19 593.905 634.47 0 
1 22 0 0 0 0 0.00111388 0.00012114 0.0015115 0.0018815 0 -306.19 593.905 634.47 0 
1 22 0 0 0 0 3.7135e-05 0.000261633 0.00022751 0.0003487 0 -306.19 593.905 634.47 0 
1 22 0 0 0 0 4.60816e-05 0.000149807 5.85107e-05 0.0001673 0 -306.19 593.905 634.47 0 
149 3
1 22 0 0 0 0 -0.0031189 -0.00151129 -0.00324091 0.004745 0 1.86393 558.276 234.742 0 
1 22 0 0 0 0 0.00029109 -0.000757495 0.000866004 0.0011868 0 1.86393 558.276 234.742 0 
1 22 0 0 0 0 0.000131127 -9.67587e-05 -3.78506e-05 0.0001673 0 1.86393 558.276 234.742 0 
150 3
1 22 0 0 0 0 -0.00465069 0.000941014 -2.4772e-05 0.004745 0 220.005 513.114 218.899 0 
1 22 0 0 0 0 0.000591782 0.000194121 -0.000560225 0.0008377 0 220.005 513.114 218.899 0 
1 22 0 0 0 0 -0.000265215 -5.45147e-05 -0.000439256 0.000516 0 220.005 513.114 218.899 0 
151 3
1 22 0 0 0 0 0.00378074 0.0025149 0.00137707 0.004745 0 -181.387 592.861 345.996 0 
1 22 0 0 0 0 0.000220874 0.00112483 -0.000307339 0.0011868 0 -181.387 592.861 345.996 0 
1 22 0 0 0 0 0.000107147 0.000123467 3.55627e-05 0.0001673 0 -181.387 592.861 345.996 0 
152 3
1 22 0 0 0 0 -0.0010886 -0.00242108 0.00393298 0.004745 0 75.4675 379.163 54.2943 0 
1 22 0 0 0 0 0.000124302 -0.0011676 0.000172508 0.0011868 0 75.4675 379.163 54.2943 0 
1 22 0 0 0 0 4.6253e-06 -0.000149592 7.47669e-05 0.0001673 0 75.4675 379.163 54.2943 0 
153 3
1 22 0 0 0 0 0.00455464 -0.00126977 -0.000397489 0.004745 0 196.293 489.868 259.248 0 
1 22 0 0 0 0 0.000587207 -0.000433141 -0.000935987 0.0011868 0 196.293 489.868 259.248 0 
1 22 0 0 0 0 6.80121e-05 0.000114765 0.000100959 0.0001673 0 196.293 489.868 259.248 0 
154 2
1 22 0 0 0 0 -0.0021105 0.00497703 0.00139059 0.005582 0 270.146 469.412 534.994 0 
1 22 0 0 0 0 -0.000313634 -0.000167686 -0.00037386 0.000516 0 270.146 469.412 534.994 0 
155 3
1 22 0 0 0 0 0.00236697 -0.00358758 0.00201041 0.004745 0 -124.516 567.525 364.267 0 
1 22 0 0 0 0 -0.0010032 0.000450092 -0.00044666 0.0011868 0 -124.516 567.525 364.267 0 
1 22 0 0 0 0 7.27289e-05 0.00014394 4.45103e-05 0.0001673 0 -124.516 567.525 364.267 0 
156 3
1 22 0 0 0 0 -0.000808083 -0.00275804 -0.00377561 0.004745 0 313.205 557.061 11.3367 0 
1 22 0 0 0 0 -0.000420621 0.000322683 -0.00106181 0.0011868 0 313.205 557.061 11.3367 0 
1 22 0 0 0 0 -0.000158032 3.48945e-06 -5.48009e-05 0.0001673 0 313.205 557.061 11.3367 0 
157 2
1 22 0 0 0 0 -0.00111448 -0.00382895 0.0025714 0.004745 0 -291.782 319.647 428.317 0 
1 22 0 0 0 0 0.00110503 0.000500398 -0.000601514 0.001354 0 -291.782 319.647 428.317 0 
158 3
1 22 0 0 0 0 0.00126721 -0.000455902 -0.00284782 0.0031502 0 -197.271 552.471 327.974 0 
1 22 0 0 0 0 -0.00145252 -0.00236448 -0.000194558 0.0027818 0 -197.271 552.471 327.974 0 
1 22 0 0 0 0 -0.000109673 7.02182e-06 0.000126142 0.0001673 0 -197.271 552.471 327.974 0 
159 3
1 22 0 0 0 0 -0.00095779 0.00355369 -0.000383235 0.0037004 0 -68.7987 574.371 130.639 0 
1 22 0 0 0 0 0.00152499 0.000347139 -0.00104591 0.0018815 0 -68.7987 574.371 130.639 0 
1 22 0 0 0 0 -9.81607e-05 0.000450263 -0.000232129 0.000516 0 -68.7987 574.371 130.639 0 
160 2
1 22 0 0 0 0 0.00310405 -0.00356155 -0.000441884 0.004745 0 156.665 211.303 501.522 0 
1 22 0 0 0 0 -0.000256886 0.00120887 0.000553134 0.001354 0 156.665 211.303 501.522 0 
161 3
1 22 0 0 0 0 -2.04038e-05 0.00471099 -0.000566695 0.004745 0 102.636 396.109 306.887 0 
1 22 0 0 0 0 0.000853215 -0.000359844 0.000742315 0.0011868 0 102.636 396.109 306.887 0 
1 22 0 0 0 0 4.65881e-06 0.000152737 6.81099e-05 0.0001673 0 102.636 396.109 306.887 0 
162 3
1 22 0 0 0 0 0.000488639 -0.000819207 0.00322749 0.0033655 0 343.627 290.8 60.214 0 
1 22 0 0 0 0 -0.00139484 0.00179518 -0.00119023 0.0025661 0 343.627 290.8 60.214 0 
1 22 0 0 0 0 0.000133038 1.93558e-05 9.95763e-05 0.0001673 0 343.627 290.8 60.214 0 
163 3
1 22 0 0 0 0 -0.00217819 0.000582123 0.0016123 0.0027718 0 17.3542 556.241 177.253 0 
1 22 0 0 0 0 0.00129589 0.000126267 0.00249071 0.0028105 0 17.3542 556.241 177.253 0 
1 22 0 0 0 0 -5.3928e-05 1.40081e-05 -0.000512983 0.000516 0 17.3542 556.241 177.253 0 
164 3
1 22 0 0 0 0 -7.62455e-05 -0.000934563 0.00465143 0.004745 0 -120.184 499.943 7.149 0 
1 22 0 0 0 0 -6.41065e-05 -0.00110034 0.00044005 0.0011868 0 -120.184 499.943 7.149 0 
1 22 0 0 0 0 -5.15216e-06 -1.92039e-05 0.000166114 0.0001673 0 -120.184 499.943 7.149 0 
165 3
1 22 0 0 0 0 -0.00324444 -0.00311861 0.00150429 0.004745 0 -197.532 539.502 364.654 0 
1 22 0 0 0 0 0.000755742 -0.000693069 -0.000597498 0.0011868 0 -197.532 539.502 364.654 0 
1 22 0 0 0 0 -0.000158356 3.36739e-05 -4.21765e-05 0.0001673 0 -197.532 539.502 364.654 0 
166 3
1 22 0 0 0 0 0.00408352 -0.000284241 -0.00298079 0.0050637 0 -64.7588 252.245 415.508 0 
1 22 0 0 0 0 0.000657085 0.000468627 -0.00031755 0.0008673 0 -64.7588 252.245 415.508 0 
1 22 0 0 0 0 0.000129428 -0.000105714 7.89537e-06 0.0001673 0 -64.7588 252.245 415.508 0 
167 3
1 22 0 0 0 0 -0.00449908 0.00087654 -0.00122679 0.004745 0 288.72 595.413 246.276 0 
1 22 0 0 0 0 -0.000869264 0.000807583 -2.61483e-05 0.0011868 0 288.72 595.413 246.276 0 
1 22 0 0 0 0 9.85281e-05 -3.88723e-05 -0.000129501 0.0001673 0 288.72 595.413 246.276 0 
168 2
1 22 0 0 0 0 0.000420512 0.00164785 0.00531662 0.005582 0 76.7243 261.13 216.662 0 
1 22 0 0 0 0 0.000335149 -0.000392214 -9.97879e-06 0.000516 0 76.7243 261.13 216.662 0 
169 3
1 22 0 0 0 0 -0.00182636 -0.00231598 -0.00110654 0.0031502 0 290.576 566.611 434.818 0 
1 22 0 0 0 0 0.00246631 -0.000915747 -0.000903964 0.0027818 0 290.576 566.611 434.818 0 
1 22 0 0 0 0 0.000112769 -0.000108744 5.87135e-05 0.0001673 0 290.576 566.611 434.818 0 
170 3
1 22 0 0 0 0 -0.00397972 2.22026e-05 -0.00258387 0.004745 0 31.7106 359.239 17.8272 0 
1 22 0 0 0 0 0.000852571 -0.000176477 0.000806519 0.0011868 0 31.7106 359.239 17.8272 0 
1 22 0 0 0 0 8.60485e-06 6.4169e-05 -0.000154265 0.0001673 0 31.7106 359.239 17.8272 0 
171 3
1 22 0 0 0 0 -0.00275975 0.00374889 -0.000919034 0.004745 0 274.35 316.511 694.894 0 
1 22 0 0 0 0 -0.000771015 -0.000766342 -0.000476183 0.0011868 0 274.35 316.511 694.894 0 
1 22 0 0 0 0 -2.84848e-05 0.00013337 9.69042e-05 0.0001673 0 274.35 316.511 694.894 0 
172 3
1 22 0 0 0 0 0.00136823 0.00384393 0.00242223 0.004745 0 272.081 565.757 180.181 0 
1 22 0 0 0 0 0.000381721 -0.000129721 0.000734304 0.0008377 0 272.081 565.757 180.181 0 
1 22 0 0 0 0 9.31947e-06 0.000505066 0.000105249 0.000516 0 272.081 565.757 180.181 0 
173 4
1 22 0 0 0 0 -0.000331745 -0.00121514 0.00347942 0.0037004 0 333.701 426.864 406.873 0 
1 22 0 0 0 0 -0.000351788 0.000955077 -0.000233742 0.0010443 0 333.701 426.864 406.873 0 
1 22 0 0 0 0 1.32397e-05 -0.000664409 -0.000510026 0.0008377 0 333.701 426.864 406.873 0 
1 22 0 0 0 0 0.000172408 -0.000454041 -0.000174293 0.000516 0 333.701 426.864 406.873 0 
174 3
1 22 0 0 0 0 0.00305111 -0.00359864 -0.000505508 0.004745 0 156.5 500.581 418.324 0 
1 22 0 0 0 0 -0.000246264 0.000908763 -0.000722495 0.0011868 0 156.5 500.581 418.324 0 
1 22 0 0 0 0 1.55717e-05 0.000115046 -0.000120463 0.0001673 0 156.5 500.581 418.324 0 
175 3
1 22 0 0 0 0 -0.00403785 -0.0011887 -0.00219038 0.004745 0 267.951 504.183 2.4141 0 
1 22 0 0 0 0 0.000920247 -0.000192007 -0.000724412 0.0011868 0 267.951 504.183 2.4141 0 
1 22 0 0 0 0 -0.000114311 -0.000117578 3.3134e-05 0.0001673 0 267.951 504.183 2.4141 0 
176 3
1 22 0 0 0 0 0.00276953 4.01215e-05 0.000104708 0.0027718 0 47.7366 575.73 230.295 0 
1 22 0 0 0 0 0.000801847 0.000823767 -0.00256464 0.0028105 0 47.7366 575.73 230.295 0 
1 22 0 0 0 0 -2.65028e-05 8.52263e-05 -0.000508222 0.000516 0 47.7366 575.73 230.295 0 
177 3
1 22 0 0 0 0 -0.00117238 0.00387402 0.0024764 0.004745 0 169.999 573.453 329.666 0 
1 22 0 0 0 0 0.000258275 -0.00114164 -0.000196065 0.0011868 0 169.999 573.453 329.666 0 
1 22 0 0 0 0 -0.000127513 -0.00010028 4.09099e-05 0.0001673 0 169.999 573.453 329.666 0 
178 3
1 22 0 0 0 0 0.00410684 0.00236128 0.0002707 0.004745 0 343.054 413.779 227.726 0 
1 22 0 0 0 0 0.00033358 -0.00113388 -0.000107426 0.0011868 0 343.054 413.779 227.726 0 
1 22 0 0 0 0 -5.80088e-07 0.000156358 -5.95077e-05 0.0001673 0 343.054 413.779 227.726 0 
179 3
1 22 0 0 0 0 -0.00187671 0.000633182 0.00237096 0.0030894 0 276.104 560.127 521.392 0 
1 22 0 0 0 0 -0.00127079 -0.00230703 0.00106889 0.0028425 0 276.104 560.127 521.392 0 
1 22 0 0 0 0 -0.000159025 -4.25708e-05 -2.97982e-05 0.0001673 0 276.104 560.127 521.392 0 
180 3
1 22 0 0 0 0 -0.000960588 -0.00331693 -0.00132975 0.0037004 0 71.0318 401.921 16.7629 0 
1 22 0 0 0 0 0.0002938 -0.00182632 -0.000343936 0.0018815 0 71.0318 401.921 16.7629 0 
1 22 0 0 0 0 -0.000145889 -0.000479935 -0.000120975 0.000516 0 71.0318 401.921 16.7629 0 
181 3
1 22 0 0 0 0 -0.00318838 0.002763 0.00217144 0.004745 0 247.164 351.218 176.375 0 
1 22 0 0 0 0 0.00076641 -0.00043897 -0.000792727 0.0011868 0 247.164 351.218 176.375 0 
1 22 0 0 0 0 -8.22178e-05 4.96574e-05 0.000136981 0.0001673 0 247.164 351.218 176.375 0 
182 3
1 22 0 0 0 0 0.00219671 -0.00177577 0.00381263 0.004745 0 83.0324 567.729 93.094 0 
1 22 0 0 0 0 -1.16521e-05 -0.000753753 0.000916633 0.0011868 0 83.0324 567.729 93.094 0 
1 22 0 0 0 0 4.32001e-05 0.000127769 9.89849e-05 0.0001673 0 83.0324 567.729 93.094 0 
183 3
1 22 0 0 0 0 -0.00266733 -0.00297587 0.00255824 0.004745 0 -35.0194 102.467 57.5817 0 
1 22 0 0 0 0 -7.54108e-05 -0.00112161 -0.000380521 0.0011868 0 -35.0194 102.467 57.5817 0 
1 22 0 0 0 0 7.20406e-05 -0.000150973 2.58871e-06 0.0001673 0 -35.0194 102.467 57.5817 0 
184 4
1 22 0 0 0 0 -0.00134484 0.00142789 -0.00313775 0.0037004 0 124.298 458.723 211.893 0 
1 22 0 0 0 0 -0.000969582 -7.8845e-05 -0.00037981 0.0010443 0 124.298 458.723 211.893 0 
1 22 0 0 0 0 -0.00103 -0.000436024 -0.000396835 0.0011868 0 124.298 458.723 211.893 0 
1 22 0 0 0 0 -8.29398e-05 -0.000141079 3.47403e-05 0.0001673 0 124.298 458.723 211.893 0 
185 3
1 22 0 0 0 0 -0.00307293 0.00351603 0.000842399 0.004745 0 51.6804 540.93 37.9189 0 
1 22 0 0 0 0 0.000814486 0.000738623 0.000446702 0.0011868 0 51.6804 540.93 37.9189 0 
1 22 0 0 0 0 3.64797e-05 -2.61402e-05 0.000161168 0.0001673 0 51.6804 540.93 37.9189 0 
186 3
1 22 0 0 0 0 -0.00243371 0.000751151 -0.00400348 0.004745 0 199.856 472.056 303.628 0 
1 22 0 0 0 0 -2.07607e-05 -0.000833495 -8.12131e-05 0.0008377 0 199.856 472.056 303.628 0 
1 22 0 0 0 0 -3.18601e-05 -0.000277366 -0.000433946 0.000516 0 199.856 472.056 303.628 0 
187 3
1 22 0 0 0 0 0.000104811 -0.000630943 0.0047017 0.004745 0 -31.0887 499.857 277.076 0 
1 22 0 0 0 0 -0.00114879 -0.000151974 -0.000256277 0.0011868 0 -31.0887 499.857 277.076 0 
1 22 0 0 0 0 0.000118295 1.39579e-05 0.000117477 0.0001673 0 -31.0887 499.857 277.076 0 
188 3
1 22 0 0 0 0 0.00385537 -0.00269663 -0.000615866 0.004745 0 215.393 582.273 78.1728 0 
1 22 0 0 0 0 0.000323779 -0.000721574 0.000276115 0.0008377 0 215.393 582.273 78.1728 0 
1 22 0 0 0 0 0.000331165 0.000363611 -0.000156116 0.000516 0 215.393 582.273 78.1728 0 
189 3
1 22 0 0 0 0 -0.000831452 -0.00216567 -0.00413927 0.004745 0 198.925 592.539 339.237 0 
1 22 0 0 0 0 0.000278206 0.000706922 -0.000911788 0.0011868 0 198.925 592.539 339.237 0 
1 22 0 0 0 0 -6.57938e-06 4.95034e-05 -0.000159673 0.0001673 0 198.925 592.539 339.237 0 
190 3
1 22 0 0 0 0 0.00311907 -0.00274116 -0.00229619 0.004745 0 208.098 560.953 161.096 0 
1 22 0 0 0 0 -0.000284305 -0.000821342 -0.000808123 0.0011868 0 208.098 560.953 161.096 0 
1 22 0 0 0 0 -0.000126213 -5.78948e-05 -9.33152e-05 0.0001673 0 208.098 560.953 161.096 0 
191 3
1 22 0 0 0 0 0.00109601 -0.000268733 0.00253168 0.0027718 0 323.144 545.15 135.671 0 
1 22 0 0 0 0 -0.0011238 0.00103558 0.00235872 0.0028105 0 323.144 545.15 135.671 0 
1 22 0 0 0 0 0.000381601 0.00029799 0.000178434 0.000516 0 323.144 545.15 135.671 0 
192 3
1 22 0 0 0 0 -0.00223406 -0.00228255 -0.00350913 0.004745 0 237.796 536.436 103.661 0 
1 22 0 0 0 0 -0.000574862 0.000130759 -0.00103001 0.0011868 0 237.796 536.436 103.661 0 
1 22 0 0 0 0 0.000147088 3.40698e-05 -7.20674e-05 0.0001673 0 237.796 536.436 103.661 0 
193 3
1 22 0 0 0 0 -0.000290233 0.00286576 0.00127551 0.0031502 0 -110.41 72.7005 390.074 0 
1 22 0 0 0 0 0.00114456 -0.00168356 0.00189578 0.0027818 0 -110.41 72.7005 390.074 0 
1 22 0 0 0 0 -8.94358e-05 -0.000119586 7.54305e-05 0.0001673 0 -110.41 72.7005 390.074 0 
194 3
1 22 0 0 0 0 0.00221053 -0.00231726 -0.00350127 0.004745 0 245.016 597.287 146.417 0 
1 22 0 0 0 0 -0.000438375 -0.000616122 0.000914721 0.0011868 0 245.016 597.287 146.417 0 
1 22 0 0 0 0 6.22908e-05 -0.000150075 3.98342e-05 0.0001673 0 245.016 597.287 146.417 0 
195 4
1 22 0 0 0 0 0.00105664 -0.00086804 0.00343845 0.0037004 0 293.75 260.725 267.664 0 
1 22 0 0 0 0 -0.000521734 -0.000881114 0.000204923 0.0010443 0 293.75 260.725 267.664 0 
1 22 0 0 0 0 -0.000442015 0.000285198 0.00106385 0.0011868 0 293.75 260.725 267.664 0 
1 22 0 0 0 0 0.000142434 4.29821e-05 -7.65138e-05 0.0001673 0 293.75 260.725 267.664 0 
196 4
1 22 0 0 0 0 -0.00102697 0.000281828 -0.00354385 0.0037004 0 -347.271 592.73 214.058 0 
1 22 0 0 0 0 -9.07208e-05 -0.000567429 0.000871985 0.0010443 0 -347.271 592.73 214.058 0 
1 22 0 0 0 0 0.00118097 5.00676e-05 -0.000106305 0.0011868 0 -347.271 592.73 214.058 0 
1 22 0 0 0 0 -0.00014498 7.04746e-05 4.47607e-05 0.0001673 0 -347.271 592.73 214.058 0 
197 3
1 22 0 0 0 0 -0.00442349 -0.00140644 -0.000984744 0.004745 0 120.133 554.905 176.201 0 
1 22 0 0 0 0 0.000463074 -0.000831148 -0.000709401 0.0011868 0 120.133 554.905 176.201 0 
1 22 0 0 0 0 -3.92031e-06 0.000151572 7.07099e-05 0.0001673 0 120.133 554.905 176.201 0 
198 2
1 22 0 0 0 0 -0.00342227 -0.00270947 0.00347931 0.005582 0 152.452 555.313 224.19 0 
1 22 0 0 0 0 0.000255613 -0.000143815 0.000424541 0.000516 0 152.452 555.313 224.19 0 
199 3
1 22 0 0 0 0 -0.000520452 0.000560053 0.00266427 0.0027718 0 344.406 583.796 24.4395 0 
1 22 0 0 0 0 -0.00175539 -0.000205552 0.00218524 0.0028105 0 344.406 583.796 24.4395 0 
1 22 0 0 0 0 -0.000106414 0.000500748 -6.46781e-05 0.000516 0 344.406 583.796 24.4395 0 
