1 22 0 0 0 0 -0.00130145 -0.00228781 -0.00209732 0.0033655 0 20.876 567.86 375.424 2.49771e+06 
1 22 0 0 0 0 -0.00014918 -0.00255123 -0.000232086 0.0025661 0 20.876 567.86 375.424 2.49771e+06 
1 22 0 0 0 0 -9.88742e-06 -1.17526e-05 -0.000166594 0.0001673 0 20.876 567.86 375.424 2.49771e+06 
1 22 0 0 0 0 -0.00306393 -0.00094457 -0.00102309 0.0033655 0 315.85 521.664 172.508 3.40083e+06 
1 22 0 0 0 0 -0.00069796 9.04626e-05 -0.0024677 0.0025661 0 315.85 521.664 172.508 3.40083e+06 
1 22 0 0 0 0 0.0001524 -2.26279e-05 -6.52032e-05 0.0001673 0 315.85 521.664 172.508 3.40083e+06 
1 22 0 0 0 0 -0.0035296 -0.00305279 -0.000858762 0.004745 0 50.9854 425.722 114.734 730988 
1 22 0 0 0 0 2.56151e-05 -0.000981138 -0.000667237 0.0011868 0 50.9854 425.722 114.734 730988 
1 22 0 0 0 0 -7.47478e-05 -0.000107063 0.000104593 0.0001673 0 50.9854 425.722 114.734 730988 
1 22 0 0 0 0 -0.000770842 -0.00466828 -0.000357767 0.004745 0 211.142 555.27 259.211 5.10178e+06 
1 22 0 0 0 0 0.000411952 -0.00110475 0.000135325 0.0011868 0 211.142 555.27 259.211 5.10178e+06 
1 22 0 0 0 0 -0.000104457 6.48565e-05 0.000113454 0.0001673 0 211.142 555.27 259.211 5.10178e+06 
1 22 0 0 0 0 0.000685097 -0.00312699 -0.00103884 0.0033655 0 246.468 571.379 168.472 345011 
1 22 0 0 0 0 0.000149149 -0.00159855 0.00200182 0.0025661 0 246.468 571.379 168.472 345011 
1 22 0 0 0 0 -0.000103641 0.000101177 8.37325e-05 0.0001673 0 246.468 571.379 168.472 345011 
1 22 0 0 0 0 7.42564e-05 -0.003579 0.00311453 0.004745 0 177.298 593.202 323.718 2.69953e+06 
1 22 0 0 0 0 7.33201e-05 -0.000785091 -0.00028284 0.0008377 0 177.298 593.202 323.718 2.69953e+06 
1 22 0 0 0 0 0.000397733 0.000260218 0.000200875 0.000516 0 177.298 593.202 323.718 2.69953e+06 
1 22 0 0 0 0 0.00188217 0.00127222 0.00158801 0.0027718 0 -139.607 580.636 146.776 1.3001e+06 
1 22 0 0 0 0 0.000416581 -0.00174643 -0.000817066 0.0019726 0 -139.607 580.636 146.776 1.3001e+06 
1 22 0 0 0 0 0.000976748 -0.000618497 -0.000268179 0.0011868 0 -139.607 580.636 146.776 1.3001e+06 
1 22 0 0 0 0 0.000128579 -0.000106765 -7.60694e-06 0.0001673 0 -139.607 580.636 146.776 1.3001e+06 
1 22 0 0 0 0 -0.00265301 0.000622361 -0.000507046 0.0027718 0 -65.4052 500.006 231.565 303096 
1 22 0 0 0 0 -0.0015724 0.000436109 -0.00228829 0.0028105 0 -65.4052 500.006 231.565 303096 
1 22 0 0 0 0 -0.000387615 -0.000222043 0.000258278 0.000516 0 -65.4052 500.006 231.565 303096 
1 22 0 0 0 0 -0.00392726 -0.00100419 -0.00246642 0.004745 0 15.4075 572.105 319.913 2.73577e+06 
1 22 0 0 0 0 -0.0004938 -0.000422407 -0.000528655 0.0008377 0 15.4075 572.105 319.913 2.73577e+06 
1 22 0 0 0 0 0.000278792 7.66135e-05 0.000194928 0.0003487 0 15.4075 572.105 319.913 2.73577e+06 
1 22 0 0 0 0 -6.38354e-05 -1.91228e-05 -0.000153456 0.0001673 0 15.4075 572.105 319.913 2.73577e+06 
1 22 0 0 0 0 -0.00430898 -0.000873051 0.00178481 0.004745 0 88.6235 584.444 225.433 766689 
1 22 0 0 0 0 0.000101507 -0.000777562 -0.000890836 0.0011868 0 88.6235 584.444 225.433 766689 
1 22 0 0 0 0 -7.33499e-05 0.000135243 -6.57148e-05 0.0001673 0 88.6235 584.444 225.433 766689 
