1 22 0 0 0 0 -0.000219978 -0.00542431 0.0012989 0.005582 0 344.515 590.453 227.02 0 
1 22 0 0 0 0 2.94623e-05 -0.000227094 -0.000462403 0.000516 0 344.515 590.453 227.02 0 
1 22 0 0 0 0 -0.00323432 0.000362337 0.000856997 0.0033655 0 259.192 590.982 644.916 0 
1 22 0 0 0 0 -0.00164433 0.00194646 -0.000303863 0.0025661 0 259.192 590.982 644.916 0 
1 22 0 0 0 0 4.68913e-05 -6.72893e-05 0.000145817 0.0001673 0 259.192 590.982 644.916 0 
1 22 0 0 0 0 0.00423346 0.000687673 -0.00202976 0.004745 0 163.686 568.659 110.31 0 
1 22 0 0 0 0 -0.0010921 -2.60232e-05 -0.000463827 0.0011868 0 163.686 568.659 110.31 0 
1 22 0 0 0 0 -7.72296e-05 -0.000105402 -0.000104476 0.0001673 0 163.686 568.659 110.31 0 
1 22 0 0 0 0 -0.00170053 -0.00416508 -0.00150841 0.004745 0 186.061 554.537 341.883 0 
1 22 0 0 0 0 0.000632787 -0.000336846 0.000433424 0.0008377 0 186.061 554.537 341.883 0 
1 22 0 0 0 0 0.000246985 -0.000418333 -0.000173931 0.000516 0 186.061 554.537 341.883 0 
1 22 0 0 0 0 0.00433405 -6.90832e-06 0.00193157 0.004745 0 210.084 556.564 414.446 0 
1 22 0 0 0 0 0.00103881 -7.59955e-05 0.000568857 0.0011868 0 210.084 556.564 414.446 0 
1 22 0 0 0 0 3.28055e-05 -8.05744e-05 0.000142902 0.0001673 0 210.084 556.564 414.446 0 
1 22 0 0 0 0 -0.00223965 0.00223446 -0.00114793 0.0033655 0 -192.644 573.062 516.539 0 
1 22 0 0 0 0 0.00182241 -0.00179639 0.000191577 0.0025661 0 -192.644 573.062 516.539 0 
1 22 0 0 0 0 0.000165348 2.54809e-05 -2.97336e-07 0.0001673 0 -192.644 573.062 516.539 0 
1 22 0 0 0 0 0.000104823 -0.000773465 -0.00468036 0.004745 0 305.866 579.862 201.809 0 
1 22 0 0 0 0 0.000663729 0.000132511 -0.000974884 0.0011868 0 305.866 579.862 201.809 0 
1 22 0 0 0 0 -2.99389e-05 0.000157371 -4.82436e-05 0.0001673 0 305.866 579.862 201.809 0 
1 22 0 0 0 0 -0.0008024 -0.00427161 0.00190381 0.004745 0 238.249 528.815 102.632 0 
1 22 0 0 0 0 0.000913082 0.000195651 -0.00073246 0.0011868 0 238.249 528.815 102.632 0 
1 22 0 0 0 0 0.000121382 -9.10403e-05 -7.04798e-05 0.0001673 0 238.249 528.815 102.632 0 
1 22 0 0 0 0 -0.00172996 -0.00095338 -0.0031291 0.0037004 0 139.708 591.062 130.368 0 
1 22 0 0 0 0 -0.000562523 -0.000576499 0.000664665 0.0010443 0 139.708 591.062 130.368 0 
1 22 0 0 0 0 -0.0008081 -0.000704614 0.000508909 0.0011868 0 139.708 591.062 130.368 0 
1 22 0 0 0 0 0.000164878 7.64602e-06 -2.73169e-05 0.0001673 0 139.708 591.062 130.368 0 
1 22 0 0 0 0 0.00313953 0.00116244 0.00157641 0.0037004 0 95.024 510.966 309.432 0 
1 22 0 0 0 0 0.000659689 -0.000516347 -0.000623506 0.0010443 0 95.024 510.966 309.432 0 
1 22 0 0 0 0 -0.00109483 -0.00033175 0.000315899 0.0011868 0 95.024 510.966 309.432 0 
1 22 0 0 0 0 -0.000117093 -6.41508e-05 0.000100813 0.0001673 0 95.024 510.966 309.432 0 
1 22 0 0 0 0 0.0044598 -0.00308329 0.00132748 0.005582 0 180.428 588.568 181.235 0 
1 22 0 0 0 0 -6.45774e-05 -0.000346969 -0.000376428 0.000516 0 180.428 588.568 181.235 0 
1 22 0 0 0 0 0.00365816 0.00273151 -0.00129298 0.004745 0 254.584 577.438 130.743 0 
1 22 0 0 0 0 -0.000311623 0.00114432 4.38649e-05 0.0011868 0 254.584 577.438 130.743 0 
1 22 0 0 0 0 3.11088e-05 1.2967e-05 0.00016387 0.0001673 0 254.584 577.438 130.743 0 
1 22 0 0 0 0 -0.00249525 -0.000264722 0.00402724 0.004745 0 11.8599 598.159 74.5916 0 
1 22 0 0 0 0 -3.83882e-05 0.00106544 0.000521396 0.0011868 0 11.8599 598.159 74.5916 0 
1 22 0 0 0 0 -0.000125572 6.25499e-05 9.11514e-05 0.0001673 0 11.8599 598.159 74.5916 0 
1 22 0 0 0 0 -0.00184099 -0.00129886 -0.00417598 0.004745 0 94.2319 502.779 171.017 0 
1 22 0 0 0 0 0.000695305 0.000308078 0.000911116 0.0011868 0 94.2319 502.779 171.017 0 
1 22 0 0 0 0 0.000134443 -7.50655e-05 -6.54183e-05 0.0001673 0 94.2319 502.779 171.017 0 
1 22 0 0 0 0 -6.35757e-05 -0.00233546 0.00412996 0.004745 0 191.706 584.341 272.595 0 
1 22 0 0 0 0 -0.000736324 0.000502287 0.0007836 0.0011868 0 191.706 584.341 272.595 0 
1 22 0 0 0 0 0.000112459 4.60504e-05 -0.000114985 0.0001673 0 191.706 584.341 272.595 0 
1 22 0 0 0 0 0.000278593 -0.00144907 -0.00234637 0.0027718 0 301.417 579.739 383.886 0 
1 22 0 0 0 0 -0.00242054 0.00095961 0.00105785 0.0028105 0 301.417 579.739 383.886 0 
1 22 0 0 0 0 0.000395199 0.000310788 0.000116123 0.000516 0 301.417 579.739 383.886 0 
1 22 0 0 0 0 0.00151079 0.00447598 -0.00044512 0.004745 0 197.612 590.74 283.513 0 
1 22 0 0 0 0 -0.000337918 0.000120092 -0.00113132 0.0011868 0 197.612 590.74 283.513 0 
1 22 0 0 0 0 -7.87146e-05 -0.000144307 3.11273e-05 0.0001673 0 197.612 590.74 283.513 0 
1 22 0 0 0 0 -0.00536034 0.00155017 -0.00014966 0.005582 0 267.495 573.497 285.097 0 
1 22 0 0 0 0 -0.00033921 -0.000114751 0.000371517 0.000516 0 267.495 573.497 285.097 0 
1 22 0 0 0 0 -0.000222906 0.0027572 -0.000176117 0.0027718 0 208.261 569.344 469.762 0 
1 22 0 0 0 0 -0.00213912 -0.00160102 0.000871673 0.0028105 0 208.261 569.344 469.762 0 
1 22 0 0 0 0 0.000159641 -0.000161772 -0.000264454 0.0003487 0 208.261 569.344 469.762 0 
1 22 0 0 0 0 -6.95371e-05 -7.72448e-05 -0.0001311 0.0001673 0 208.261 569.344 469.762 0 
1 22 0 0 0 0 -0.00191793 -0.000415935 -0.00273407 0.0033655 0 138.89 572.439 321.861 0 
1 22 0 0 0 0 0.000660161 0.00111319 -0.00221582 0.0025661 0 138.89 572.439 321.861 0 
1 22 0 0 0 0 0.000150316 1.55991e-05 -7.17709e-05 0.0001673 0 138.89 572.439 321.861 0 
1 22 0 0 0 0 0.00103125 0.0017699 0.000586406 0.0021307 0 186.644 425.953 135.464 0 
1 22 0 0 0 0 0.000752982 0.000474605 -0.00333507 0.0034518 0 186.644 425.953 135.464 0 
1 22 0 0 0 0 3.45194e-05 -0.000503916 0.000105514 0.000516 0 186.644 425.953 135.464 0 
1 22 0 0 0 0 -0.00111705 -0.0035566 -0.00293561 0.004745 0 313.055 581.745 374.071 0 
1 22 0 0 0 0 9.46169e-05 0.000324952 -0.00113752 0.0011868 0 313.055 581.745 374.071 0 
1 22 0 0 0 0 6.96408e-05 7.60099e-05 0.000131765 0.0001673 0 313.055 581.745 374.071 0 
1 22 0 0 0 0 -0.00193805 0.00269781 -0.00338834 0.004745 0 348.194 487.395 61.7226 0 
1 22 0 0 0 0 -0.00091322 -0.000755964 5.51539e-05 0.0011868 0 348.194 487.395 61.7226 0 
1 22 0 0 0 0 -0.000164038 1.11434e-05 -3.09302e-05 0.0001673 0 348.194 487.395 61.7226 0 
1 22 0 0 0 0 0.00243035 -0.00112093 0.000720967 0.0027718 0 -72.623 587.946 648.321 0 
1 22 0 0 0 0 -0.000510408 0.00245253 0.00127416 0.0028105 0 -72.623 587.946 648.321 0 
1 22 0 0 0 0 -0.000345435 0.000333433 -0.000189086 0.000516 0 -72.623 587.946 648.321 0 
1 22 0 0 0 0 -0.000789676 -0.000341227 0.00263493 0.0027718 0 -49.2647 518.238 227.99 0 
1 22 0 0 0 0 -0.00215074 -0.00172422 0.000547974 0.0028105 0 -49.2647 518.238 227.99 0 
1 22 0 0 0 0 0.00016107 -0.000325178 0.000366841 0.000516 0 -49.2647 518.238 227.99 0 
1 22 0 0 0 0 -0.0016371 0.00513625 -0.0014483 0.005582 0 310.656 44.5269 419.505 0 
1 22 0 0 0 0 -0.00013609 -0.000276867 0.000162529 0.0003487 0 310.656 44.5269 419.505 0 
1 22 0 0 0 0 -1.2353e-05 -1.29251e-06 -0.000166838 0.0001673 0 310.656 44.5269 419.505 0 
1 22 0 0 0 0 0.000473726 0.00112603 -0.00458505 0.004745 0 283.754 574.494 436.182 0 
1 22 0 0 0 0 -0.000395435 0.000850127 0.000727605 0.0011868 0 283.754 574.494 436.182 0 
1 22 0 0 0 0 1.02237e-05 -8.89681e-05 0.000141313 0.0001673 0 283.754 574.494 436.182 0 
1 22 0 0 0 0 0.000337328 -0.00260503 0.000884805 0.0027718 0 335.197 214.717 600.711 0 
1 22 0 0 0 0 0.00166085 0.000663644 -0.00216796 0.0028105 0 335.197 214.717 600.711 0 
1 22 0 0 0 0 4.92931e-05 -0.000486822 0.000163799 0.000516 0 335.197 214.717 600.711 0 
1 22 0 0 0 0 0.00412342 0.00168782 -0.00163209 0.004745 0 263.637 557.714 104.285 0 
1 22 0 0 0 0 -0.00103017 0.000481341 -0.000339944 0.0011868 0 263.637 557.714 104.285 0 
1 22 0 0 0 0 -0.0001673 -1.36779e-07 3.38467e-07 0.0001673 0 263.637 557.714 104.285 0 
1 22 0 0 0 0 -0.00137166 0.000911982 0.00222928 0.0027718 0 76.4926 590.669 572.543 0 
1 22 0 0 0 0 -0.000564349 -0.00249862 -0.00115642 0.0028105 0 76.4926 590.669 572.543 0 
1 22 0 0 0 0 0.000264726 0.000381711 0.000224661 0.000516 0 76.4926 590.669 572.543 0 
1 22 0 0 0 0 0.00241178 0.00231626 0.000380598 0.0033655 0 201.463 570.045 120.811 0 
1 22 0 0 0 0 0.00214094 -0.00141092 -0.00010258 0.0025661 0 201.463 570.045 120.811 0 
1 22 0 0 0 0 -0.000108261 -9.16529e-06 0.00012722 0.0001673 0 201.463 570.045 120.811 0 
1 22 0 0 0 0 0.000384784 0.00187748 -0.00434074 0.004745 0 -82.0665 549.302 232.906 0 
1 22 0 0 0 0 0.000183364 -0.000322688 -0.00112727 0.0011868 0 -82.0665 549.302 232.906 0 
1 22 0 0 0 0 2.80507e-05 -4.4193e-05 0.000158901 0.0001673 0 -82.0665 549.302 232.906 0 
1 22 0 0 0 0 0.0033373 0.00181313 -0.00284429 0.004745 0 169.533 584.508 114.927 0 
1 22 0 0 0 0 -0.0010881 -0.000458799 0.000118465 0.0011868 0 169.533 584.508 114.927 0 
1 22 0 0 0 0 -4.23297e-05 -7.28971e-06 -0.000161692 0.0001673 0 169.533 584.508 114.927 0 
1 22 0 0 0 0 -0.00201409 0.00186238 0.00387169 0.004745 0 245.592 557.155 210.645 0 
1 22 0 0 0 0 0.000362066 -0.00112889 5.49324e-05 0.0011868 0 245.592 557.155 210.645 0 
1 22 0 0 0 0 1.24436e-05 0.000136229 -9.63131e-05 0.0001673 0 245.592 557.155 210.645 0 
1 22 0 0 0 0 0.00211249 0.000246186 -0.000129154 0.0021307 0 177.756 552.686 425.98 0 
1 22 0 0 0 0 0.00242252 0.000420064 -0.00088855 0.0026143 0 177.756 552.686 425.98 0 
1 22 0 0 0 0 -0.000888067 -0.000206657 -0.000759687 0.0011868 0 177.756 552.686 425.98 0 
1 22 0 0 0 0 -0.000162088 -6.7592e-06 -4.08789e-05 0.0001673 0 177.756 552.686 425.98 0 
1 22 0 0 0 0 -0.0015982 0.00446125 0.000240979 0.004745 0 -73.5935 550.039 187.671 0 
1 22 0 0 0 0 -0.000622151 0.000382474 0.000410345 0.0008377 0 -73.5935 550.039 187.671 0 
1 22 0 0 0 0 -3.30276e-05 0.000401063 0.000322976 0.000516 0 -73.5935 550.039 187.671 0 
1 22 0 0 0 0 -0.00237387 0.000502877 0.00200888 0.0031502 0 -94.4906 578.501 134.303 0 
1 22 0 0 0 0 -0.0012969 0.000797351 -0.00232824 0.0027818 0 -94.4906 578.501 134.303 0 
1 22 0 0 0 0 8.84394e-05 0.000136835 -3.80001e-05 0.0001673 0 -94.4906 578.501 134.303 0 
1 22 0 0 0 0 0.00303723 -0.000801257 0.00355644 0.004745 0 349.79 590.661 656.967 0 
1 22 0 0 0 0 -0.000572855 0.000895071 -0.000528374 0.0011868 0 349.79 590.661 656.967 0 
1 22 0 0 0 0 -4.15436e-05 -1.21233e-05 0.000161606 0.0001673 0 349.79 590.661 656.967 0 
1 22 0 0 0 0 -0.00202212 -0.00364447 0.00226801 0.004745 0 223.1 577.836 110.055 0 
1 22 0 0 0 0 0.000427226 0.000645681 -0.000319868 0.0008377 0 223.1 577.836 110.055 0 
1 22 0 0 0 0 -6.76415e-05 0.000134386 -0.000314574 0.0003487 0 223.1 577.836 110.055 0 
1 22 0 0 0 0 -2.61983e-05 -4.01893e-05 -0.000160274 0.0001673 0 223.1 577.836 110.055 0 
1 22 0 0 0 0 -0.000232591 0.00430325 0.00198569 0.004745 0 74.038 589.125 35.9612 0 
1 22 0 0 0 0 0.00128818 -0.000305475 0.000283876 0.001354 0 74.038 589.125 35.9612 0 
1 22 0 0 0 0 -0.000950591 0.00286552 -0.00148721 0.0033655 0 170.402 583.882 474.49 0 
1 22 0 0 0 0 0.00217204 0.00128845 -0.000454952 0.0025661 0 170.402 583.882 474.49 0 
1 22 0 0 0 0 -0.000102601 -6.69328e-05 0.00011394 0.0001673 0 170.402 583.882 474.49 0 
1 22 0 0 0 0 -0.00220725 0.00369156 0.00200386 0.004745 0 -336.623 550.586 544.045 0 
1 22 0 0 0 0 -0.000428663 0.000587969 0.000415068 0.0008377 0 -336.623 550.586 544.045 0 
1 22 0 0 0 0 8.6026e-05 -3.45975e-05 0.000336146 0.0003487 0 -336.623 550.586 544.045 0 
1 22 0 0 0 0 7.79687e-05 -0.000144679 3.12738e-05 0.0001673 0 -336.623 550.586 544.045 0 
1 22 0 0 0 0 0.00453113 -0.000677894 0.00123463 0.004745 0 16.8154 518.275 112.437 0 
1 22 0 0 0 0 -0.000621074 -0.000996125 0.000174635 0.0011868 0 16.8154 518.275 112.437 0 
1 22 0 0 0 0 0.000131391 -7.95861e-05 -6.62698e-05 0.0001673 0 16.8154 518.275 112.437 0 
1 22 0 0 0 0 -0.000688144 0.00267026 -0.0038615 0.004745 0 320.007 551.95 263.055 0 
1 22 0 0 0 0 0.000974692 -4.03096e-05 0.000675903 0.0011868 0 320.007 551.95 263.055 0 
1 22 0 0 0 0 -4.58634e-06 -0.000154669 6.36062e-05 0.0001673 0 320.007 551.95 263.055 0 
1 22 0 0 0 0 -0.00442067 -0.000999114 -0.00140516 0.004745 0 31.0009 571.305 272.565 0 
1 22 0 0 0 0 -0.000987372 -0.000612071 -0.000242818 0.0011868 0 31.0009 571.305 272.565 0 
1 22 0 0 0 0 7.39029e-05 1.89075e-05 -0.000148896 0.0001673 0 31.0009 571.305 272.565 0 
1 22 0 0 0 0 0.0043516 -0.000806871 -0.001711 0.004745 0 -93.611 572.874 309.195 0 
1 22 0 0 0 0 -0.00112886 0.00014361 -0.000336973 0.0011868 0 -93.611 572.874 309.195 0 
1 22 0 0 0 0 8.60421e-05 -6.18561e-05 0.00012946 0.0001673 0 -93.611 572.874 309.195 0 
1 22 0 0 0 0 0.00210107 -0.00026732 0.00023222 0.0021307 0 -14.9737 485.696 214.924 0 
1 22 0 0 0 0 0.00114139 -0.00210665 0.00104586 0.0026143 0 -14.9737 485.696 214.924 0 
1 22 0 0 0 0 -0.000342732 0.000740207 -0.000190708 0.0008377 0 -14.9737 485.696 214.924 0 
1 22 0 0 0 0 0.000309115 0.000118688 0.000395748 0.000516 0 -14.9737 485.696 214.924 0 
1 22 0 0 0 0 -0.00482541 0.00121957 -0.00252721 0.005582 0 -42.3475 456.03 272.258 0 
1 22 0 0 0 0 0.000424956 -0.000231997 -0.000178455 0.000516 0 -42.3475 456.03 272.258 0 
1 22 0 0 0 0 -0.00132408 -0.00106291 -0.00443081 0.004745 0 250.374 576.219 260.035 0 
1 22 0 0 0 0 -0.000233884 -0.00100135 -0.000592537 0.0011868 0 250.374 576.219 260.035 0 
1 22 0 0 0 0 8.6991e-05 -4.55686e-05 0.000135445 0.0001673 0 250.374 576.219 260.035 0 
1 22 0 0 0 0 -0.00329843 -0.000245511 -0.00165923 0.0037004 0 343.124 475.871 152.513 0 
1 22 0 0 0 0 -0.00076433 -0.000691404 -0.00197697 0.0022295 0 343.124 475.871 152.513 0 
1 22 0 0 0 0 -0.000150046 -5.64154e-06 7.37814e-05 0.0001673 0 343.124 475.871 152.513 0 
1 22 0 0 0 0 0.00285117 -0.00477653 0.000462904 0.005582 0 123.352 558.934 272.105 0 
1 22 0 0 0 0 0.000222953 0.000198373 0.000180366 0.0003487 0 123.352 558.934 272.105 0 
1 22 0 0 0 0 0.000138974 -7.24509e-05 -5.85354e-05 0.0001673 0 123.352 558.934 272.105 0 
1 22 0 0 0 0 0.000609311 0.00229721 -0.00238289 0.0033655 0 180.737 497.292 477.767 0 
1 22 0 0 0 0 0.00244071 0.000721277 0.000327946 0.0025661 0 180.737 497.292 477.767 0 
1 22 0 0 0 0 -5.12386e-05 4.44801e-05 -0.000152923 0.0001673 0 180.737 497.292 477.767 0 
1 22 0 0 0 0 0.00401873 0.00252252 4.11657e-05 0.004745 0 -172.144 534.796 295.461 0 
1 22 0 0 0 0 -0.000243892 0.00107123 -0.000448857 0.0011868 0 -172.144 534.796 295.461 0 
1 22 0 0 0 0 0.000132948 2.13527e-05 -9.92887e-05 0.0001673 0 -172.144 534.796 295.461 0 
1 22 0 0 0 0 0.00203132 0.00232582 -0.000622954 0.0031502 0 -169.412 538.509 123.477 0 
1 22 0 0 0 0 -0.000158661 0.00258413 0.00101759 0.0027818 0 -169.412 538.509 123.477 0 
1 22 0 0 0 0 0.000108767 -0.000115597 5.28815e-05 0.0001673 0 -169.412 538.509 123.477 0 
1 22 0 0 0 0 -0.000908865 -0.00464253 0.00036867 0.004745 0 183.376 585.845 2.71614 0 
1 22 0 0 0 0 -0.000528278 -0.000230724 0.00103739 0.0011868 0 183.376 585.845 2.71614 0 
1 22 0 0 0 0 0.000112851 -4.21176e-05 0.000116104 0.0001673 0 183.376 585.845 2.71614 0 
1 22 0 0 0 0 0.00430526 0.00166033 -0.00110592 0.004745 0 -112.962 535.108 367.455 0 
1 22 0 0 0 0 -0.000756924 5.78365e-06 0.000914071 0.0011868 0 -112.962 535.108 367.455 0 
1 22 0 0 0 0 2.956e-05 -0.000116396 -0.000116479 0.0001673 0 -112.962 535.108 367.455 0 
1 22 0 0 0 0 0.0042026 -0.000311987 0.00218079 0.004745 0 -267.678 52.3437 250.854 0 
1 22 0 0 0 0 0.00110608 -0.000404936 -0.000145291 0.0011868 0 -267.678 52.3437 250.854 0 
1 22 0 0 0 0 -0.000124299 -8.87985e-05 -6.8219e-05 0.0001673 0 -267.678 52.3437 250.854 0 
1 22 0 0 0 0 -0.00067314 0.00201813 -0.000117997 0.0021307 0 150.613 579.665 318.75 0 
1 22 0 0 0 0 -0.00135929 -0.00215912 -0.000570172 0.0026143 0 150.613 579.665 318.75 0 
1 22 0 0 0 0 -0.000191792 -0.00059864 -0.000553703 0.0008377 0 150.613 579.665 318.75 0 
1 22 0 0 0 0 -0.000293802 0.00040688 0.000119938 0.000516 0 150.613 579.665 318.75 0 
1 22 0 0 0 0 -0.00424298 -0.00206765 -0.000486791 0.004745 0 184.118 353.618 389.405 0 
1 22 0 0 0 0 0.000110684 0.00110773 0.000411303 0.0011868 0 184.118 353.618 389.405 0 
1 22 0 0 0 0 -0.000152926 -6.72938e-05 -8.63855e-06 0.0001673 0 184.118 353.618 389.405 0 
1 22 0 0 0 0 -0.00362509 -0.00280199 0.00123393 0.004745 0 330.524 593.202 285.296 0 
1 22 0 0 0 0 0.000969745 -0.000255576 0.000634641 0.0011868 0 330.524 593.202 285.296 0 
1 22 0 0 0 0 7.64434e-05 -6.83472e-05 0.000132191 0.0001673 0 330.524 593.202 285.296 0 
1 22 0 0 0 0 0.00165241 -0.00357023 0.00265293 0.004745 0 -201.881 590.64 20.2474 0 
1 22 0 0 0 0 -0.000286173 0.000995262 0.000579701 0.0011868 0 -201.881 590.64 20.2474 0 
1 22 0 0 0 0 -6.35326e-05 -0.000143243 -5.86043e-05 0.0001673 0 -201.881 590.64 20.2474 0 
1 22 0 0 0 0 -0.00404001 -0.00306879 -0.00232801 0.005582 0 226.116 576.274 236.788 0 
1 22 0 0 0 0 -0.000309614 -0.000358901 0.000203925 0.000516 0 226.116 576.274 236.788 0 
1 22 0 0 0 0 5.57466e-05 0.0015759 -0.00447532 0.004745 0 202.277 548.28 361.621 0 
1 22 0 0 0 0 -0.000423788 0.000739448 0.000825902 0.0011868 0 202.277 548.28 361.621 0 
1 22 0 0 0 0 0.000150689 -6.58588e-05 -3.07353e-05 0.0001673 0 202.277 548.28 361.621 0 
1 22 0 0 0 0 -0.000106744 -0.00263328 -0.00259758 0.0037004 0 220.781 586.802 426.041 0 
1 22 0 0 0 0 -0.000464401 -0.000565632 -0.000744953 0.0010443 0 220.781 586.802 426.041 0 
1 22 0 0 0 0 -4.13448e-05 0.00083008 -0.00010488 0.0008377 0 220.781 586.802 426.041 0 
1 22 0 0 0 0 -0.00012271 0.000461312 0.000195933 0.000516 0 220.781 586.802 426.041 0 
1 22 0 0 0 0 0.00324285 0.00163199 -0.00305542 0.004745 0 154.641 526.616 676.727 0 
1 22 0 0 0 0 0.000586832 -0.000659258 0.000793412 0.0011868 0 154.641 526.616 676.727 0 
1 22 0 0 0 0 -3.53582e-05 8.95176e-05 -0.000136842 0.0001673 0 154.641 526.616 676.727 0 
1 22 0 0 0 0 0.000218343 0.00279871 -0.00382551 0.004745 0 317.621 548.94 108.992 0 
1 22 0 0 0 0 0.000393367 0.000951991 0.000589465 0.0011868 0 317.621 548.94 108.992 0 
1 22 0 0 0 0 -0.000120194 3.78312e-05 0.000110052 0.0001673 0 317.621 548.94 108.992 0 
1 22 0 0 0 0 -0.00275431 -0.00378786 -0.00076217 0.004745 0 328.675 571.832 106.087 0 
1 22 0 0 0 0 -0.000521509 -0.000234413 -0.00103999 0.0011868 0 328.675 571.832 106.087 0 
1 22 0 0 0 0 0.000137003 7.66834e-05 5.77859e-05 0.0001673 0 328.675 571.832 106.087 0 
1 22 0 0 0 0 0.000280753 -0.00242154 0.00502156 0.005582 0 331.043 568.36 4.44699 0 
1 22 0 0 0 0 -7.95488e-05 3.8383e-05 0.000508384 0.000516 0 331.043 568.36 4.44699 0 
1 22 0 0 0 0 0.00230357 0.00410425 -0.000603071 0.004745 0 255.099 418.647 344.657 0 
1 22 0 0 0 0 0.00103786 0.000517743 -0.000251577 0.0011868 0 255.099 418.647 344.657 0 
1 22 0 0 0 0 -0.000121475 5.34763e-05 0.00010185 0.0001673 0 255.099 418.647 344.657 0 
1 22 0 0 0 0 0.000314972 0.0036865 5.90627e-05 0.0037004 0 263.882 517.957 261.01 0 
1 22 0 0 0 0 -0.00127739 0.00122908 -0.000630617 0.0018815 0 263.882 517.957 261.01 0 
1 22 0 0 0 0 -0.000132714 -0.000320068 3.91763e-05 0.0003487 0 263.882 517.957 261.01 0 
1 22 0 0 0 0 0.000133563 -2.91312e-05 -9.64451e-05 0.0001673 0 263.882 517.957 261.01 0 
1 22 0 0 0 0 0.00459898 -0.000644534 -0.000974166 0.004745 0 92.2707 594.969 139.253 0 
1 22 0 0 0 0 -0.000246699 -0.00089943 0.000733935 0.0011868 0 92.2707 594.969 139.253 0 
1 22 0 0 0 0 -0.000132016 -0.000101503 -1.6066e-05 0.0001673 0 92.2707 594.969 139.253 0 
1 22 0 0 0 0 0.00221183 -0.000343475 0.00418388 0.004745 0 294.714 587.799 169.34 0 
1 22 0 0 0 0 -0.00117943 -0.000111553 -7.07123e-05 0.0011868 0 294.714 587.799 169.34 0 
1 22 0 0 0 0 6.58743e-05 0.000149568 3.57675e-05 0.0001673 0 294.714 587.799 169.34 0 
1 22 0 0 0 0 0.00381193 0.00227482 -0.00167613 0.004745 0 158.962 580.28 334.483 0 
1 22 0 0 0 0 0.00077591 0.000895522 6.70759e-05 0.0011868 0 158.962 580.28 334.483 0 
1 22 0 0 0 0 0.000125115 0.000110159 1.41546e-05 0.0001673 0 158.962 580.28 334.483 0 
1 22 0 0 0 0 -0.00267482 0.00387665 0.000576146 0.004745 0 -313.096 414.941 64.4553 0 
1 22 0 0 0 0 0.000480618 -0.00108512 3.31913e-06 0.0011868 0 -313.096 414.941 64.4553 0 
1 22 0 0 0 0 0.000139468 9.97931e-07 9.23956e-05 0.0001673 0 -313.096 414.941 64.4553 0 
1 22 0 0 0 0 0.00463853 -0.00067913 -0.000733386 0.004745 0 240.328 551.192 126.432 0 
1 22 0 0 0 0 0.000335962 0.000355604 0.000680012 0.0008377 0 240.328 551.192 126.432 0 
1 22 0 0 0 0 0.000172125 0.000116862 -0.000472199 0.000516 0 240.328 551.192 126.432 0 
1 22 0 0 0 0 -0.00178529 -0.00409376 -0.00160277 0.004745 0 53.9102 581.267 160.358 0 
1 22 0 0 0 0 -0.000312469 -0.000128659 0.000766519 0.0008377 0 53.9102 581.267 160.358 0 
1 22 0 0 0 0 0.000329497 0.000323832 0.000229827 0.000516 0 53.9102 581.267 160.358 0 
1 22 0 0 0 0 0.000740276 -0.000238835 -0.00198364 0.0021307 0 246.951 508.352 392.434 0 
1 22 0 0 0 0 0.000919206 -0.00231719 0.000787573 0.0026143 0 246.951 508.352 392.434 0 
1 22 0 0 0 0 0.000991732 0.000709469 -0.000588589 0.001354 0 246.951 508.352 392.434 0 
1 22 0 0 0 0 0.000443086 -0.00472007 -0.000199003 0.004745 0 145.715 589.372 18.5934 0 
1 22 0 0 0 0 0.00012209 -0.00100331 0.000622067 0.0011868 0 145.715 589.372 18.5934 0 
1 22 0 0 0 0 0.000101521 9.31357e-05 9.49135e-05 0.0001673 0 145.715 589.372 18.5934 0 
1 22 0 0 0 0 0.00114062 -0.00416495 -0.00353708 0.005582 0 49.0849 566.42 195.522 0 
1 22 0 0 0 0 0.000145836 0.000492338 5.08982e-05 0.000516 0 49.0849 566.42 195.522 0 
1 22 0 0 0 0 0.00218313 -0.00325138 0.00397758 0.005582 0 -16.368 597.749 512.193 0 
1 22 0 0 0 0 -0.000195872 -0.000145095 -0.000454794 0.000516 0 -16.368 597.749 512.193 0 
1 22 0 0 0 0 0.000577366 0.00173077 -0.00438019 0.004745 0 233.867 426.748 179.843 0 
1 22 0 0 0 0 0.000143076 -0.000650551 0.000982246 0.0011868 0 233.867 426.748 179.843 0 
1 22 0 0 0 0 8.45642e-05 6.97017e-05 0.000126411 0.0001673 0 233.867 426.748 179.843 0 
1 22 0 0 0 0 -0.00455508 0.00114995 -0.000666261 0.004745 0 283.766 526.489 138.482 0 
1 22 0 0 0 0 -0.000670185 0.000344264 0.000916967 0.0011868 0 283.766 526.489 138.482 0 
1 22 0 0 0 0 3.45348e-05 5.46544e-05 -0.000154303 0.0001673 0 283.766 526.489 138.482 0 
1 22 0 0 0 0 -0.00151246 0.00257581 -0.00100071 0.0031502 0 -179.985 464.149 9.51292 0 
1 22 0 0 0 0 -0.000976136 -0.000113101 0.00222518 0.0024325 0 -179.985 464.149 9.51292 0 
1 22 0 0 0 0 0.000175606 -4.9894e-05 -0.000297094 0.0003487 0 -179.985 464.149 9.51292 0 
1 22 0 0 0 0 -6.83213e-05 -1.12592e-05 0.000152298 0.0001673 0 -179.985 464.149 9.51292 0 
1 22 0 0 0 0 0.00254017 -0.00231943 -0.00326846 0.004745 0 262.267 578.651 13.7222 0 
1 22 0 0 0 0 -0.000927988 0.000104155 -0.000980462 0.001354 0 262.267 578.651 13.7222 0 
1 22 0 0 0 0 -0.00186193 0.000701019 0.00430776 0.004745 0 335.764 582.503 223.644 0 
1 22 0 0 0 0 0.000867049 6.0392e-05 0.000808129 0.0011868 0 335.764 582.503 223.644 0 
1 22 0 0 0 0 6.39791e-05 5.80717e-05 0.000143261 0.0001673 0 335.764 582.503 223.644 0 
1 22 0 0 0 0 0.0029483 0.00231106 0.00291231 0.004745 0 -24.0458 510.207 122.086 0 
1 22 0 0 0 0 -0.000374295 -5.19079e-06 -0.00112622 0.0011868 0 -24.0458 510.207 122.086 0 
1 22 0 0 0 0 0.000149234 -4.30284e-05 6.21856e-05 0.0001673 0 -24.0458 510.207 122.086 0 
1 22 0 0 0 0 0.00170755 -0.00373079 0.00238338 0.004745 0 251.272 267.392 149.588 0 
1 22 0 0 0 0 -0.00078982 0.000508253 -0.000725506 0.0011868 0 251.272 267.392 149.588 0 
1 22 0 0 0 0 9.34506e-05 -3.90359e-05 -0.000133163 0.0001673 0 251.272 267.392 149.588 0 
1 22 0 0 0 0 0.00253523 0.00394777 0.000709037 0.004745 0 74.3927 536.956 497.685 0 
1 22 0 0 0 0 0.000126073 -0.0011751 0.000108349 0.0011868 0 74.3927 536.956 497.685 0 
1 22 0 0 0 0 6.71862e-06 -0.000136093 -9.70717e-05 0.0001673 0 74.3927 536.956 497.685 0 
1 22 0 0 0 0 0.00405074 -0.0015546 -0.00192087 0.004745 0 82.3833 376.611 209.53 0 
1 22 0 0 0 0 0.000584614 -0.000524086 -0.000292064 0.0008377 0 82.3833 376.611 209.53 0 
1 22 0 0 0 0 0.000368627 -6.35407e-05 -0.000355434 0.000516 0 82.3833 376.611 209.53 0 
1 22 0 0 0 0 -0.00298225 -0.000784076 0.00204557 0.0037004 0 -94.0928 598.077 246.551 0 
1 22 0 0 0 0 0.000436995 -7.5063e-05 -0.000945496 0.0010443 0 -94.0928 598.077 246.551 0 
1 22 0 0 0 0 -0.000637751 -0.000711318 0.000704127 0.0011868 0 -94.0928 598.077 246.551 0 
1 22 0 0 0 0 5.37588e-05 0.000143539 6.70501e-05 0.0001673 0 -94.0928 598.077 246.551 0 
1 22 0 0 0 0 0.00424139 -0.000813548 -0.00196566 0.004745 0 108.985 504.682 453.831 0 
1 22 0 0 0 0 -0.00101639 0.000242614 -0.000562661 0.0011868 0 108.985 504.682 453.831 0 
1 22 0 0 0 0 -3.76861e-06 3.18508e-05 0.000164197 0.0001673 0 108.985 504.682 453.831 0 
1 22 0 0 0 0 0.00266163 0.00230961 0.00317749 0.004745 0 215.597 580.87 127.228 0 
1 22 0 0 0 0 0.000606833 0.00065092 -0.000785208 0.0011868 0 215.597 580.87 127.228 0 
1 22 0 0 0 0 8.68507e-05 -0.000121113 7.60132e-05 0.0001673 0 215.597 580.87 127.228 0 
1 22 0 0 0 0 -0.00353715 0.00138701 -0.00284249 0.004745 0 92.0577 570.761 307.757 0 
1 22 0 0 0 0 -0.00104308 -0.000491362 -0.000281143 0.0011868 0 92.0577 570.761 307.757 0 
1 22 0 0 0 0 -1.90002e-05 8.0059e-06 0.000166025 0.0001673 0 92.0577 570.761 307.757 0 
1 22 0 0 0 0 0.00063031 -0.00321242 -0.00172511 0.0037004 0 93.9345 537.857 459.007 0 
1 22 0 0 0 0 -0.00102062 -6.90848e-05 0.000210052 0.0010443 0 93.9345 537.857 459.007 0 
1 22 0 0 0 0 -3.57327e-05 0.000330665 -0.00113924 0.0011868 0 93.9345 537.857 459.007 0 
1 22 0 0 0 0 -0.000117393 1.25095e-05 -0.00011854 0.0001673 0 93.9345 537.857 459.007 0 
1 22 0 0 0 0 -0.00439371 -0.00172745 -0.000475619 0.004745 0 15.8458 527.561 331.205 0 
1 22 0 0 0 0 -0.000575465 0.000994981 0.000295545 0.0011868 0 15.8458 527.561 331.205 0 
1 22 0 0 0 0 6.54641e-05 1.43889e-05 0.000153286 0.0001673 0 15.8458 527.561 331.205 0 
1 22 0 0 0 0 0.000112404 -0.00404542 -0.00247729 0.004745 0 137.322 586.301 698.397 0 
1 22 0 0 0 0 0.000200061 0.00111058 -0.000367536 0.0011868 0 137.322 586.301 698.397 0 
1 22 0 0 0 0 -6.68943e-05 -6.23053e-05 0.000140116 0.0001673 0 137.322 586.301 698.397 0 
1 22 0 0 0 0 -0.00206515 0.00389477 0.00175525 0.004745 0 218.692 570.443 200.012 0 
1 22 0 0 0 0 -0.000576903 0.000187458 -0.00102007 0.0011868 0 218.692 570.443 200.012 0 
1 22 0 0 0 0 5.74071e-05 2.53917e-05 0.000155077 0.0001673 0 218.692 570.443 200.012 0 
1 22 0 0 0 0 0.00223761 0.00154683 0.000532247 0.0027718 0 128.33 568.244 461.523 0 
1 22 0 0 0 0 0.00103803 -0.00247556 -0.000832464 0.0028105 0 128.33 568.244 461.523 0 
1 22 0 0 0 0 -0.00019118 -0.000447786 -0.000170863 0.000516 0 128.33 568.244 461.523 0 
1 22 0 0 0 0 0.0024766 -0.00343403 0.00214218 0.004745 0 3.68368 455.019 556.974 0 
1 22 0 0 0 0 0.00111636 0.00025084 -0.000315127 0.0011868 0 3.68368 455.019 556.974 0 
1 22 0 0 0 0 -2.15342e-05 1.77779e-05 0.000164953 0.0001673 0 3.68368 455.019 556.974 0 
1 22 0 0 0 0 -0.00303364 -0.00210554 0.00297972 0.004745 0 205.195 482.866 373.416 0 
1 22 0 0 0 0 0.000679347 -0.000968972 -8.98594e-05 0.0011868 0 205.195 482.866 373.416 0 
1 22 0 0 0 0 0.000164435 -2.00616e-05 -2.34081e-05 0.0001673 0 205.195 482.866 373.416 0 
